437 199010
703 199011
438 199012
904 199013
704 199014
439 199015
440 199016
705 199017
867 199018
868 199019
441 199021
442 199022
443 199023
444 199024
445 199025
446 199026
447 199027
448 199028
449 199029
450 199030
706 199031
451 199032
869 199033
707 199034
708 199035
452 199036
709 199037
453 199038
710 199039
454 199040
455 199041
456 199042
457 199043
458 199044
459 199045
711 199046
460 199047
712 199048
933 199049
713 199050
870 199051
871 199052
905 199053
872 199054
873 199055
461 199056
462 199057
463 199058
464 199059
465 199060
466 199061
921 199062
939 199063
467 199064
940 199065
468 199066
941 199067
469 199068
470 199069
471 199070
472 199071
714 199072
715 199073
716 199074
717 199075
718 199076
473 199077
474 199078
719 199079
475 199080
476 199081
477 199082
720 199083
721 199084
722 199085
478 199086
479 199087
922 199088
480 199089
481 199090
723 199091
482 199092
724 199093
725 199094
726 199095
727 199096
483 199097
484 199098
485 199099
435 19903
698 19904
699 19905
436 19906
700 19907
701 19908
702 19909
728 1990100
486 1990101
729 1990102
730 1990103
731 1990104
487 1990105
488 1990106
923 1990108
489 1990109
490 1990110
491 1990111
492 1990112
493 1990113
494 1990114
495 1990115
917 1990116
496 1990117
497 1990118
498 1990119
732 1990120
924 1990122
499 1990123
500 1990124
501 1990125
502 1990126
503 1990127
504 1990128
505 1990129
506 1990130
733 1990132
734 1990133
507 1990134
508 1990135
735 1990136
509 1990137
736 1990138
737 1990139
510 1990140
511 1990141
512 1990142
738 1990143
513 1990144
514 1990145
906 1990146
515 1990148
516 1990149
517 1990150
907 1990151
518 1990152
739 1990153
519 1990154
520 1990155
521 1990156
522 1990157
740 1990158
523 1990159
524 1990160
525 1990161
741 1990162
742 1990163
526 1990164
527 1990165
528 1990166
529 1990167
530 1990168
743 1990169
531 1990170
532 1990171
533 1990172
534 1990173
535 1990174
536 1990175
537 1990176
744 1990177
918 1990178
934 1990179
538 1990181
745 1990182
746 1990183
747 1990184
539 1990185
748 1990186
540 1990187
942 1990189
874 1990191
541 1990192
542 1990193
543 1990194
544 1990195
749 1990196
750 1990197
545 1990198
925 1990199
546 1990200
751 1990201
908 1990202
752 1990203
547 1990204
548 1990205
753 1990206
549 1990207
550 1990209
754 1990210
551 1990211
552 1990213
553 1990214
875 1990215
554 1990216
555 1990217
755 1990218
556 1990219
557 1990220
756 1990221
558 1990222
757 1990223
926 1990224
559 1990225
876 1990226
909 1990227
560 1990228
561 1990229
758 1990230
759 1990231
562 1990232
563 1990233
760 1990234
564 1990235
565 1990236
761 1990237
762 1990238
763 1990239
764 1990240
765 1990241
927 1990242
566 1990243
766 1990244
767 1990245
910 1990246
567 1990247
568 1990248
569 1990249
911 1990250
768 1990251
928 1990252
570 1990253
571 1990254
769 1990255
770 1990256
572 1990258
573 1990259
574 1990260
575 1990261
576 1990262
771 1990263
772 1990264
935 1990265
877 1990266
577 1990267
773 1990268
578 1990269
579 1990270
774 1990271
580 1990272
581 1990273
582 1990274
878 1990275
583 1990276
879 1990277
775 1990278
584 1990279
880 1990280
585 1990281
586 1990282
776 1990283
777 1990284
778 1990285
881 1990286
587 1990287
588 1990288
589 1990289
590 1990290
779 1990291
591 1990292
592 1990293
593 1990294
594 1990295
780 1990296
595 1990297
781 1990298
596 1990299
597 1990300
782 1990301
598 1990302
783 1990303
784 1990304
785 1990305
786 1990306
787 1990307
788 1990308
789 1990309
929 1990311
937 1990312
882 1990313
599 1990314
600 1990315
790 1990316
601 1990317
791 1990318
602 1990319
603 1990320
792 1990321
793 1990322
604 1990323
605 1990324
606 1990326
794 1990327
795 1990328
796 1990329
797 1990330
798 1990331
799 1990332
800 1990333
607 1990334
608 1990335
609 1990336
801 1990337
938 1990338
610 1990339
912 1990340
611 1990341
612 1990342
802 1990343
613 1990344
913 1990345
614 1990346
803 1990348
804 1990349
805 1990350
615 1990351
616 1990352
617 1990353
618 1990354
806 1990355
619 1990356
883 1990357
620 1990358
807 1990359
914 1990360
808 1990361
621 1990362
622 1990363
809 1990364
810 1990365
623 1990366
624 1990367
625 1990368
626 1990369
884 1990371
885 1990372
886 1990373
887 1990374
888 1990376
627 1990377
915 1990378
628 1990379
629 1990380
811 1990381
630 1990382
812 1990383
813 1990384
631 1990385
632 1990386
943 1990387
633 1990388
634 1990389
635 1990390
636 1990391
889 1990392
637 1990393
890 1990395
638 1990396
639 1990397
814 1990398
640 1990400
641 1990401
815 1990402
891 1990403
892 1990404
642 1990405
643 1990406
893 1990407
644 1990408
936 1990409
645 1990410
816 1990411
646 1990412
817 1990413
818 1990414
819 1990415
820 1990416
821 1990418
822 1990419
823 1990420
647 1990421
824 1990422
894 1990423
825 1990425
895 1990426
826 1990427
648 1990428
649 1990429
650 1990430
651 1990431
827 1990432
828 1990433
652 1990434
930 1990435
829 1990436
830 1990437
653 1990438
654 1990439
831 1990440
655 1990441
832 1990442
656 1990443
657 1990444
658 1990445
833 1990446
659 1990447
660 1990448
834 1990449
835 1990450
661 1990451
836 1990452
837 1990453
838 1990454
662 1990455
839 1990456
663 1990457
664 1990458
665 1990459
666 1990460
840 1990461
841 1990462
919 1990463
920 1990464
842 1990465
843 1990466
844 1990467
845 1990468
846 1990469
667 1990470
668 1990471
669 1990472
847 1990473
670 1990474
671 1990475
896 1990476
848 1990477
849 1990478
850 1990479
851 1990480
852 1990481
853 1990482
854 1990483
855 1990484
672 1990485
673 1990486
916 1990487
856 1990488
857 1990489
897 1990490
674 1990491
858 1990492
675 1990493
859 1990494
860 1990495
898 1990496
899 1990497
900 1990498
945 1990499
676 1990500
677 1990501
678 1990502
901 1990503
902 1990504
679 1990505
931 1990507
680 1990508
681 1990509
903 1990510
682 1990511
683 1990512
684 1990513
685 1990514
686 1990516
861 1990517
862 1990518
687 1990519
932 1990521
944 1990522
688 1990523
689 1990524
863 1990525
864 1990526
690 1990527
691 1990528
692 1990530
693 1990531
694 1990532
865 1990533
695 1990534
866 1990535
696 1990536
697 1990537
