1195 1991244
1210 1991339
1196 1991245
935 1992372
1197 1991246
1214 1991355
1253 1992203
509 1991112
669 1991363
1301 19918
510 1991113
796 1992136
1221 1991369
797 1992137
953 1992395
1198 1991251
798 1992138
1237 199275
959 1992401
1317 1992275
1325 1991260
1033 1991116
799 1992139
1052 1991381
1188 1991185
1179 1991117
1103 199118
1064 199277
1160 1992413
1331 1991125
801 1992141
805 1992147
1146 1992416
1333 1992278
1180 1991119
1232 19925
806 1992148
1246 1992143
1119 19926
1067 199281
1312 1992431
1068 199282
505 1991101
1174 1991102
1175 1991103
1315 1991104
1107 1991105
506 1991106
1176 1991107
507 1991108
1177 1991109
508 1991110
1162 199111
445 199112
446 199113
511 1991114
448 199115
1026 199116
449 199117
516 1991123
450 199119
513 1991120
514 1991121
515 1991122
452 199123
517 1991124
454 199125
455 199126
519 1991127
520 1991128
458 199129
459 199130
521 1991131
461 199132
1164 199133
523 1991134
462 199135
463 199136
464 199137
1165 199138
524 1991139
525 1991140
526 1991141
527 1991142
465 199143
528 1991144
1035 1991145
529 1991146
530 1991147
468 199148
531 1991149
532 1991150
1030 199151
533 1991152
534 1991153
535 1991154
536 1991155
473 199156
537 1991157
538 1991158
539 1991159
540 1991160
541 1991161
542 1991162
543 1991163
544 1991164
545 1991165
546 1991166
547 1991167
481 199168
482 199169
483 199170
484 199171
485 199172
486 199173
487 199174
553 1991175
1150 1991176
488 199177
489 199178
490 199179
491 199180
492 199181
493 199182
1294 1991183
494 199184
495 199185
496 199186
497 199187
498 199188
559 1991189
499 199190
560 1991191
561 1991192
562 1991193
563 1991194
500 199195
501 199196
502 199197
503 199198
504 199199
567 1991200
568 1991201
1189 1991202
569 1991203
570 1991204
571 1991205
572 1991206
573 1991207
574 1991208
575 1991209
576 1991210
577 1991211
578 1991212
579 1991213
580 1991214
581 1991215
582 1991216
1190 1991217
583 1991218
584 1991219
585 1991220
586 1991221
1191 1991222
587 1991223
588 1991224
589 1991225
1122 199226
725 199227
726 199228
727 199229
590 1991230
591 1991231
1060 199232
730 199233
592 1991234
593 1991235
733 199236
734 199237
735 199238
594 1991239
595 1991240
596 1991241
737 199242
738 199243
739 199244
740 199245
1125 199246
597 1991247
598 1991248
599 1991249
600 1991250
1062 199251
601 1991252
744 199253
603 1991254
746 199255
604 1991256
605 1991257
748 199258
1042 1991259
749 199260
750 199261
607 1991262
752 199263
608 1991264
609 1991265
755 199266
610 1991267
1201 1991268
611 1991269
612 1991270
613 1991271
614 1991272
615 1991273
616 1991274
617 1991275
618 1991276
619 1991277
1065 199278
1066 199279
620 1991280
621 1991281
622 1991282
1156 199283
763 199284
764 199285
765 199286
766 199287
623 1991288
1238 199289
768 199290
769 199291
770 199292
771 199293
772 199294
1047 1991295
624 1991296
773 199297
1129 199298
625 1991299
626 1991300
1153 1991301
1048 1991302
627 1991303
1206 1991304
1295 1991305
628 1991306
629 1991307
630 1991308
631 1991309
632 1991310
633 1991311
634 1991312
635 1991313
636 1991314
637 1991315
638 1991316
639 1991317
1116 1991318
640 1991319
641 1991320
642 1991321
1207 1991322
643 1991323
1305 1991324
644 1991325
645 1991326
1049 1991327
646 1991328
1127 199257
647 1991330
648 1991331
1208 1991332
649 1991333
650 1991334
651 1991336
652 1991337
1209 1991338
1178 1991111
653 1991340
654 1991341
655 1991342
656 1991343
657 1991344
658 1991345
659 1991346
1211 1991347
1050 1991348
660 1991349
1212 1991350
661 1991351
662 1991352
663 1991353
1213 1991354
1200 1991263
664 1991356
665 1991357
666 1991358
667 1991359
1215 1991360
1216 1991361
668 1991362
512 1991115
1217 1991364
670 1991365
1218 1991366
1219 1991367
1220 1991368
1024 19916
1326 1991370
671 1991371
672 1991372
673 1991373
674 1991374
675 1991375
676 1991376
677 1991377
1154 1991378
1222 1991379
1051 1991380
1034 1991118
1053 1991382
1223 1991383
1306 1991384
678 1991385
679 1991386
680 1991387
681 1991388
682 1991389
683 1991390
684 1991391
685 1991392
686 1991393
687 1991394
688 1991395
689 1991396
690 1991397
1319 1991398
691 1991399
692 1991400
693 1991401
694 1991402
695 1991403
696 1991404
697 1991405
1323 1991406
1307 1991407
698 1991408
1308 1991409
699 1991410
700 1991411
701 1991412
1224 1991413
702 1991414
703 1991415
1054 1991416
704 1991417
705 1991418
706 1991419
1117 1991421
1225 1991422
707 1991423
708 1991424
1226 1991425
1227 1991427
1228 1991428
709 1991429
1118 1991430
710 1991431
1314 1991432
711 1991433
1229 1991434
456 199127
1230 1991436
1056 1991437
1057 1991438
883 1992293
1231 1991440
457 199128
1059 19929
1182 1991130
460 199131
522 1991132
1028 199134
1316 1991135
1183 1991136
1148 199149
1184 1991138
1104 199139
1240 199296
1088 1992287
1166 199141
1167 199142
1185 1991143
466 199144
1163 199122
467 199146
1029 199147
1334 1991148
822 1992173
469 199150
1072 1992151
1186 1991151
470 199152
1168 199153
471 199154
472 199155
1130 199299
1036 1991156
474 199157
1105 199158
1169 199159
1170 199160
1171 199161
475 199162
476 199163
477 199164
478 199165
479 199166
480 199167
1202 1991278
548 1991168
549 1991169
550 1991171
551 1991172
1203 1991279
838 1992197
518 1991126
1181 1991129
552 1991174
1172 199175
809 1992152
1173 199176
1037 1991177
554 1991178
555 1991179
1248 1992167
1187 1991180
556 1991181
1322 199183
1151 1991184
1078 1992209
557 1991186
558 1991187
1038 1991188
1149 199189
1112 1991266
1039 1991190
1031 199191
1032 199192
1204 1991283
1329 199193
1106 199194
564 1991195
1300 1992443
736 199239
1298 1991197
1113 1991284
565 1991198
1309 1992239
566 1991199
1123 199240
1303 1991285
1256 1992227
1124 199241
1152 1991294
1044 1991286
1318 1992317
1233 199210
1120 199211
716 199212
1045 1991287
1291 1992455
717 199213
718 199214
719 199215
720 199216
1234 199217
721 199218
722 199219
1121 199220
1155 199221
1235 199222
723 199223
724 199224
1236 199225
1126 199248
1192 1991226
1193 1991227
1108 1991228
1265 1992245
1040 1991229
728 199230
729 199231
1194 1991232
1114 1991291
863 1992257
1102 199110
731 199234
732 199235
1041 1991236
1302 1991237
1304 1991292
774 1992100
775 1992101
776 1992102
777 1992103
778 1992104
1241 1992106
779 1992107
780 1992108
1242 1992110
1243 1992111
1069 1992112
781 1992113
782 1992114
1070 1992115
1071 1992116
783 1992117
784 1992118
785 1992119
786 1992120
787 1992121
1131 1992122
1132 1992123
1327 1992124
788 1992125
789 1992126
790 1992127
1244 1992129
791 1992130
792 1992131
793 1992132
794 1992133
795 1992134
1245 1992135
440 19912
441 19913
442 19914
443 19915
800 1992140
444 19917
802 1992142
1025 19919
803 1992144
804 1992146
712 19923
713 19924
807 1992149
808 1992150
714 19927
715 19928
810 1992153
1133 1992154
741 199247
811 1992156
812 1992157
813 1992158
814 1992159
1247 1992160
815 1992161
1320 1992162
816 1992163
817 1992164
818 1992165
1324 1992166
1061 199249
1073 1992168
1335 1992169
819 1992170
820 1992171
821 1992172
742 199250
823 1992174
824 1992175
1249 1992176
1134 1992177
1074 1992178
1075 1992179
825 1992180
1250 1992181
826 1992182
827 1992183
828 1992184
743 199252
1076 1992186
829 1992187
830 1992188
831 1992189
832 1992190
602 1991253
447 199114
834 1992193
835 1992194
836 1992195
837 1992196
745 199254
839 1992198
840 1992199
1135 1992200
841 1992201
1252 1992202
1199 1991255
1136 1992204
842 1992205
1137 1992206
843 1992207
1077 1992208
747 199256
1079 1992210
1254 1992211
844 1992212
845 1992214
846 1992215
847 1992216
848 1992217
849 1992218
850 1992219
1080 1992220
606 1991258
1255 1992222
1138 1992223
851 1992224
852 1992225
1139 1992226
1128 199259
1140 1992228
1257 1992229
1258 1992230
1259 1992231
853 1992232
854 1992233
1260 1992234
855 1992235
856 1992236
1157 1992237
857 1992238
1043 1991261
858 1992240
1261 1992241
1262 1992242
1263 1992243
1264 1992244
751 199262
1081 1992246
1082 1992247
1266 1992248
859 1992249
860 1992250
1083 1992251
1084 1992252
1267 1992253
861 1992254
862 1992255
1085 1992256
753 199264
1158 1992258
864 1992259
865 1992260
866 1992261
1268 1992262
754 199265
1269 1992264
1296 1992265
867 1992266
1270 1992267
1159 1992268
868 1992269
1271 1992270
869 1992271
870 1992272
1272 1992273
871 1992274
1063 199267
872 1992276
873 1992277
1332 1991298
874 1992279
875 1992280
1321 1992281
1087 1992282
876 1992283
877 1992284
878 1992285
879 1992286
756 199269
1141 1992288
880 1992289
1273 1992290
881 1992291
882 1992292
757 199270
884 1992294
885 1992295
886 1992296
1274 1992297
887 1992298
1089 1992299
888 1992300
889 1992301
890 1992302
891 1992303
1275 1992304
758 199272
893 1992307
894 1992308
895 1992309
896 1992310
759 199273
898 1992312
1328 1992313
899 1992314
900 1992315
901 1992316
760 199274
1276 1992318
902 1992319
903 1992320
1090 1992321
904 1992322
1091 1992323
1310 1992324
905 1992325
1277 1992326
906 1992327
907 1992328
761 199276
1299 1992330
1092 1992331
909 1992332
910 1992333
911 1992334
912 1992335
1093 1992336
1142 1992337
913 1992338
914 1992339
915 1992340
916 1992341
1278 1992343
1279 1992344
1280 1992345
917 1992346
918 1992347
1281 1992348
1282 1992349
919 1992350
920 1992351
921 1992352
762 199280
1283 1992354
1284 1992355
922 1992356
923 1992357
924 1992358
892 1992305
925 1992360
926 1992361
927 1992362
928 1992363
929 1992364
930 1992365
931 1992366
1144 1992367
932 1992368
1095 1992369
933 1992370
934 1992371
451 199120
936 1992373
937 1992374
1297 1992375
1311 1992376
938 1992377
939 1992378
940 1992379
941 1992380
1096 1992381
942 1992382
1285 1992383
943 1992384
944 1992385
945 1992386
946 1992387
947 1992388
948 1992389
949 1992390
950 1992391
1145 1992392
951 1992393
952 1992394
897 1992311
954 1992396
955 1992397
956 1992398
957 1992399
958 1992400
767 199288
960 1992402
961 1992403
962 1992404
963 1992405
964 1992406
1286 1992407
965 1992408
966 1992410
1287 1992411
1288 1992412
1046 1991290
967 1992414
968 1992415
1058 1991439
1147 1992417
969 1992418
970 1992419
971 1992420
972 1992421
973 1992422
974 1992423
975 1992424
1289 1992425
976 1992426
977 1992427
978 1992428
979 1992429
980 1992430
1205 1991293
981 1992432
982 1992433
983 1992435
1097 1992436
984 1992437
985 1992438
986 1992439
987 1992440
988 1992441
1330 1992442
1239 199295
1161 1992444
989 1992445
990 1992446
1313 1992448
991 1992449
992 1992450
993 1992451
1290 1992452
994 1992453
995 1992454
1115 1991297
996 1992456
997 1992457
1098 1992458
998 1992459
999 1992460
1000 1992461
1001 1992462
1002 1992463
1003 1992464
1004 1992465
1292 1992466
1005 1992467
1006 1992468
1007 1992469
1008 1992470
1009 1992471
1293 1992472
1099 1992473
1010 1992474
1100 1992475
1011 1992476
1012 1992477
1013 1992478
1014 1992479
1101 1992480
1015 1992481
1016 1992482
1017 1992483
1018 1992484
1019 1992485
1020 1992486
1021 1992487
1022 1992488
1023 1992489
453 199124
833 1992192
908 1992329
1109 1991238
1251 1992185
1086 1992263
1055 1991435
1027 199121
1110 1991242
1094 1992353
1111 1991243
1143 1992359
