1184 199339
476 199340
477 199341
658 1993391
1350 199473
1290 1993392
1291 1993393
1292 1993394
1149 1993496
1293 1993395
1446 1994451
483 199348
1351 199474
484 199349
661 1993398
1517 1993399
1530 1993497
1294 1993400
1185 199353
1352 199475
1186 199354
1391 1994205
1311 1993517
1146 1993403
1295 1993404
1305 1993498
1187 199357
1188 199358
1353 199476
1115 199359
1404 1994229
1521 1994317
667 1993408
489 199361
1189 199362
1498 199490
490 199363
1331 19943
1190 199365
1191 199366
674 1993415
1192 199368
1340 199431
1232 1993169
1296 1993417
1154 199410
1194 199370
1195 199371
1196 199372
1197 199373
865 199479
1539 [
1198 199375
1199 199376
1477 1994107
1200 199377
1201 199378
866 199480
1148 1993427
1392 1994206
1203 199380
1297 1993429
1205 199382
1206 199383
827 199418
1116 199384
1332 199413
1207 199385
1472 1993434
1386 1994186
1117 199387
1298 1993436
690 1993437
826 199414
1208 199390
692 1993439
1306 1993505
1299 1993440
495 199393
1158 199432
694 1993442
1333 199415
695 1993443
696 1993444
1307 1993506
1365 1994120
1210 199398
1497 199484
1211 199399
1370 1994131
869 199485
871 199487
1334 199417
500 1993100
1212 1993101
1213 1993102
1214 1993103
1215 1993104
1216 1993105
501 1993106
502 1993107
503 1993108
504 1993109
1217 1993111
505 1993112
506 1993114
1493 1993115
507 1993116
508 1993117
509 1993118
510 1993119
511 1993120
1535 1993121
512 1993123
513 1993124
1218 1993125
514 1993126
1092 1994481
515 1993128
516 1993129
517 1993130
1220 1993131
1221 1993132
518 1993133
1119 1993134
519 1993135
520 1993136
521 1993137
522 1993138
1155 199411
1537 1993140
523 1993141
524 1993142
525 1993143
526 1993144
527 1993145
1222 1993146
528 1993147
1223 1993148
529 1993149
1224 1993150
530 1993151
531 1993153
532 1993154
1225 1993155
1226 1993156
533 1993157
534 1993158
535 1993159
1120 1993160
1227 1993161
1228 1993162
1229 1993163
1121 1993164
1122 1993165
1123 1993166
1230 1993167
1231 1993168
1156 199416
536 1993170
1233 1993171
537 1993172
1234 1993173
538 1993174
539 1993175
1235 1993176
1124 1993177
1236 1993178
1237 1993179
540 1993180
541 1993181
542 1993182
543 1993183
1494 1993184
1238 1993185
1522 1993186
828 199419
1125 1993188
905 1994150
1308 1993512
544 1993191
1126 1993192
829 199420
1465 1993194
545 1993195
1128 1993196
1239 1993198
830 199421
1241 1993200
1242 1993201
546 1993202
1243 1993203
1495 1993204
831 199422
1245 1993206
1246 1993207
1247 1993208
1248 1993209
1249 1993210
547 1993211
1250 1993212
548 1993213
549 1993214
1251 1993215
1252 1993216
1335 199424
1253 1993218
1467 1993219
550 1993220
551 1993221
552 1993222
1129 1993223
553 1993224
1130 1993225
554 1993226
1254 1993227
555 1993228
833 199426
1255 1993230
1256 1993231
556 1993232
1257 1993233
557 1993234
1258 1993235
1131 1993236
1259 1993237
558 1993238
1260 1993239
1261 1993240
559 1993241
1262 1993242
560 1993243
561 1993244
562 1993245
563 1993246
564 1993247
565 1993248
566 1993249
567 1993250
1132 1993251
1263 1993252
568 1993253
1264 1993254
1265 1993255
569 1993256
570 1993257
571 1993258
1266 1993259
572 1993260
1468 1993261
1267 1993262
1268 1993263
573 1993264
574 1993265
575 1993266
1269 1993267
576 1993268
577 1993269
1270 1993270
834 199433
1271 1993272
1272 1993273
1273 1993274
1274 1993275
578 1993276
835 199434
579 1993278
832 199423
1133 1993280
1276 1993281
1277 1993282
836 199435
580 1993284
581 1993285
582 1993286
583 1993287
584 1993288
585 1993289
586 1993290
587 1993291
588 1993292
1279 1993293
1280 1993294
589 1993295
590 1993296
591 1993297
592 1993298
593 1993299
594 1993300
1281 1993301
1470 1993302
595 1993303
596 1993304
597 1993305
1134 1993306
1282 1993307
1283 1993308
598 1993309
599 1993310
600 1993311
601 1993312
602 1993313
603 1993314
604 1993315
605 1993316
606 1993317
607 1993318
608 1993319
609 1993320
610 1993321
611 1993322
612 1993323
613 1993324
1343 199442
1135 1993326
614 1993327
615 1993328
616 1993329
617 1993330
1136 1993331
1284 1993332
618 1993333
619 1993334
1285 1993336
620 1993337
621 1993338
622 1993339
623 1993340
624 1993343
625 1993344
626 1993345
627 1993346
628 1993347
629 1993348
630 1993349
1137 1993350
1286 1993351
1138 1993352
1139 1993353
1140 1993354
843 199447
631 1993356
632 1993357
633 1993358
451 199311
452 199312
453 199313
454 199314
455 199315
456 199316
457 199317
638 1993366
458 199319
459 199320
460 199321
461 199322
462 199323
463 199324
464 199325
643 1993374
465 199327
466 199328
645 1993377
468 199330
469 199331
470 199332
471 199333
472 199334
650 1993383
473 199336
474 199337
475 199338
654 1993387
655 1993388
656 1993389
657 1993390
478 199343
479 199344
480 199345
481 199346
482 199347
659 1993396
660 1993397
485 199350
486 199351
1113 199352
662 1993401
663 1993402
1114 199355
487 199356
664 1993405
665 1993406
666 1993407
488 199360
668 1993409
669 1993410
670 1993411
671 1993412
672 1993413
673 1993414
491 199367
675 1993416
1193 199369
676 1993418
677 1993419
678 1993420
679 1993421
1147 1993422
680 1993423
681 1993424
682 1993425
683 1993426
852 199459
684 1993428
1204 199381
685 1993430
686 1993431
687 1993432
688 1993433
492 199386
689 1993435
1118 199388
493 199389
691 1993438
494 199391
1209 199392
693 1993441
496 199394
497 199395
498 199396
499 199397
697 1993446
698 1993447
1300 1993448
1301 1993449
1302 1993450
699 1993451
700 1993452
701 1993453
702 1993454
703 1993455
1473 1993456
704 1993457
705 1993458
706 1993459
825 199412
707 1993461
708 1993462
709 1993463
710 1993464
711 1993465
712 1993466
713 1993467
714 1993468
715 1993469
716 1993470
717 1993471
718 1993472
719 1993473
720 1993474
721 1993475
722 1993476
723 1993477
1157 199430
724 1993479
725 1993480
726 1993481
727 1993482
728 1993483
729 1993484
730 1993485
731 1993486
732 1993487
839 199440
733 1993489
734 1993490
735 1993491
736 1993492
737 1993493
738 1993494
739 1993495
844 199448
845 199449
846 199450
740 1993499
741 1993500
742 1993501
743 1993502
744 1993503
745 1993504
850 199457
851 199458
746 1993507
1348 199460
747 1993509
748 1993510
749 1993511
856 199464
750 1993513
858 199466
751 1993515
859 199468
860 199469
752 1993518
753 1993519
1150 1993520
754 1993521
1312 1993522
755 1993523
756 1993524
863 199477
864 199478
757 1993527
758 1993528
867 199481
868 199482
1315 1993531
759 1993532
760 1993533
870 199486
761 1993535
872 199488
873 199489
1319 1993538
762 1993539
763 1993540
1314 1993526
764 1993542
765 1993543
766 1993544
1321 1993545
767 1993546
768 1993547
769 1993548
770 1993549
771 1993550
772 1993551
773 1993552
774 1993553
775 1993554
776 1993555
777 1993556
1322 1993557
778 1993558
779 1993559
780 1993560
1323 1993562
1324 1993563
781 1993564
782 1993565
783 1993566
784 1993567
1325 1993568
785 1993569
1496 1993570
786 1993571
787 1993572
788 1993573
789 1993574
790 1993575
1326 1993576
791 1993577
792 1993578
793 1993579
794 1993580
795 1993581
796 1993582
797 1993583
798 1993584
932 1994216
1152 1993586
1153 1993587
799 1993588
1316 1993534
800 1993590
933 1994217
801 1993592
802 1993593
803 1993594
804 1993595
1524 1993596
1328 1993597
1528 1993598
1329 1993599
805 1993600
806 1993601
807 1993602
1330 1993603
808 1993604
809 1993605
810 1993606
811 1993607
812 1993608
813 1993609
1532 1993610
814 1993612
815 1993613
816 1993614
817 1993615
818 1993616
1355 199491
1313 1993525
1499 199492
1240 1993199
1320 1993541
1357 199494
1358 199495
1359 199496
1360 199497
874 199498
1244 1993205
875 199499
837 199436
1395 1994209
1372 1994141
1540 ]
838 199437
1527 1993187
1396 1994210
1474 1993460
1346 199453
1341 199438
1466 1993217
1397 1994211
1515 19936
1342 199439
1151 1993530
1377 1994157
1310 1993516
1464 1993190
840 199441
1463 1993189
1344 199443
1127 1993193
1327 1993585
1054 1994421
841 199444
960 1994271
1523 1993591
842 199445
1317 1993536
1399 1994218
1219 1993127
1518 199446
1318 1993537
1400 1994219
1538 19935
965 1994285
1356 199493
1202 199379
1336 199425
1401 1994221
1516 1993271
1469 1993277
1476 1994100
1500 1994101
876 1994102
1501 1994103
1361 1994104
1160 1994105
877 1994106
1275 1993279
878 1994108
879 1994109
1362 1994110
1363 1994111
1364 1994112
880 1994113
881 1994114
882 1994115
883 1994116
884 1994117
885 1994118
886 1994119
1345 199451
1366 1994121
1161 1994122
887 1994123
888 1994124
1367 1994125
889 1994126
890 1994127
891 1994128
1368 1994129
1369 1994130
1278 1993283
892 1994132
893 1994133
894 1994134
895 1994135
896 1994136
1502 1994137
897 1994138
1371 1994139
898 1994140
1347 199455
1373 1994142
899 1994143
900 1994144
901 1994145
902 1994146
903 1994147
904 1994148
1478 1994149
847 199452
906 1994151
1503 1994152
907 1994153
1374 1994154
1375 1994155
1376 1994156
1338 199428
908 1994158
1479 1994159
1378 1994160
1162 1994161
1163 1994162
1379 1994163
1380 1994164
909 1994165
910 1994166
911 1994167
912 1994168
913 1994169
1480 1994170
1481 1994171
914 1994172
1482 1994173
1483 1994174
915 1994175
916 1994176
917 1994177
918 1994178
919 1994179
920 1994180
1381 1994181
1382 1994182
1383 1994183
1384 1994184
1385 1994185
1309 1993514
921 1994187
922 1994188
923 1994189
924 1994190
925 1994191
926 1994192
927 1994193
928 1994194
929 1994195
1387 1994196
1484 1994197
1485 1994198
1486 1994199
1487 1994200
1388 1994201
930 1994202
1389 1994203
1390 1994204
446 19933
447 19934
1393 1994207
1394 1994208
448 19937
449 19938
450 19939
1164 1994212
931 1994213
1398 1994214
1165 1994215
819 19944
820 19945
821 19946
822 19947
823 19948
824 19949
1519 1994222
934 1994223
1504 1994224
935 1994225
1402 1994226
1505 1994227
1403 1994228
1303 1993478
936 1994230
937 1994231
938 1994232
1405 1994233
1406 1994234
1506 1994235
939 1994236
940 1994237
1407 1994238
941 1994239
942 1994240
943 1994241
944 1994242
1408 1994243
1409 1994244
945 1994245
946 1994246
947 1994247
948 1994248
1410 1994249
949 1994250
950 1994251
1411 1994252
1412 1994253
951 1994254
1413 1994255
1414 1994256
1166 1994257
952 1994258
953 1994259
954 1994260
1167 1994261
1168 1994262
955 1994263
1529 1994264
956 1994265
1169 1994266
957 1994267
958 1994268
959 1994269
1415 1994270
849 199456
961 1994272
1416 1994273
1536 1994274
962 1994275
1170 1994276
1417 1994278
963 1994279
1520 1994280
1418 1994281
964 1994283
1419 1994284
848 199454
1420 1994286
966 1994287
967 1994288
1421 1994289
968 1994291
1422 1994292
969 1994293
1423 1994294
970 1994295
971 1994296
972 1994297
973 1994298
974 1994299
975 1994300
976 1994301
977 1994302
978 1994303
979 1994304
980 1994305
981 1994306
982 1994307
983 1994308
984 1994309
985 1994310
986 1994311
987 1994312
988 1994313
989 1994314
1507 1994315
990 1994316
1462 1993139
1424 1994318
991 1994319
1171 1994320
1172 1994322
1425 1994323
1508 1994324
992 1994325
993 1994326
1173 1994327
994 1994328
995 1994329
1426 1994330
996 1994331
1174 1994332
1175 1994333
1509 1994334
997 1994335
1427 1994336
1488 1994337
1489 1994338
1490 1994339
998 1994340
999 1994341
1000 1994342
1001 1994343
1002 1994344
1003 1994345
1428 1994346
1429 1994347
1430 1994348
1004 1994349
1431 1994350
1005 1994351
1006 1994352
1432 1994353
1007 1994354
1008 1994355
1009 1994356
1010 1994357
1011 1994358
1012 1994359
1013 1994360
1014 1994361
1015 1994362
1016 1994363
1017 1994364
1018 1994365
1433 1994366
1019 1994367
1020 1994368
1434 1994369
1021 1994370
1435 1994371
1491 1994372
1022 1994373
1023 1994374
1024 1994375
1436 1994376
1025 1994377
1026 1994378
1437 1994379
1438 1994380
1027 1994381
1028 1994382
1029 1994383
1030 1994384
1031 1994385
1439 1994386
1032 1994387
1033 1994388
1176 1994390
1034 1994391
1440 1994392
1177 1994393
1441 1994394
1510 1994395
1035 1994396
1492 1994397
1036 1994398
1037 1994399
1038 1994400
1039 1994401
1511 1994402
1040 1994403
1041 1994404
1042 1994405
1043 1994406
1044 1994407
1442 1994408
1178 1994409
1045 1994410
1443 1994411
1046 1994412
1047 1994413
1048 1994414
1049 1994415
1525 1994416
1050 1994417
1051 1994418
1052 1994419
1053 1994420
853 199461
1055 1994422
1056 1994423
1057 1994425
1058 1994426
1059 1994427
1512 1994428
1060 1994429
1061 1994430
1062 1994431
1063 1994432
1064 1994433
1065 1994434
1179 1994435
1066 1994436
1067 1994437
1068 1994438
1069 1994439
1070 1994440
1071 1994441
1444 1994443
1072 1994444
1534 1994445
1073 1994446
1074 1994447
1075 1994448
1076 1994449
1445 1994450
854 199462
1077 1994452
1078 1994453
1079 1994454
1080 1994455
1513 1994456
1531 1994457
1514 1994458
1081 1994459
1447 1994460
1082 1994461
1448 1994462
1083 1994463
1084 1994464
1085 1994465
1449 1994466
1450 1994468
1451 1994469
1526 1994470
1452 1994471
1086 1994472
1087 1994473
1453 1994474
1454 1994475
1088 1994476
1089 1994477
1090 1994478
1091 1994479
1533 1994480
855 199463
1093 1994482
1094 1994483
1095 1994484
1096 1994485
1455 1994486
1456 1994487
1097 1994488
1098 1994489
1099 1994490
1100 1994491
1101 1994492
1457 1994493
1102 1994494
1103 1994495
1458 1994496
1104 1994497
1459 1994498
1180 1994499
1105 1994500
1106 1994501
1460 1994502
1461 1994503
1107 1994504
1108 1994505
1109 1994506
1110 1994507
1111 1994508
857 199465
1354 199483
1304 1993488
1141 1993355
1181 199310
1142 1993359
1471 1993360
634 1993361
1349 199467
1287 1993362
635 1993363
636 1993364
637 1993365
1112 199318
1339 199429
639 1993367
1475 1993508
1288 1993368
1143 1993369
640 1993370
641 1993371
642 1993372
1289 1993373
1182 199326
1144 1993375
644 1993376
861 199470
467 199329
646 1993378
1337 199427
647 1993379
1145 1993380
648 1993381
862 199471
649 1993382
1183 199335
651 1993384
652 1993385
653 1993386
1159 199472
