1609 199680
1552 1995777
1611 199682
940 199683
941 199684
1553 1995781
1059 1996305
1731 1996276
1597 199621
1554 1995783
1355 199610
1555 1995784
1519 1995661
945 199689
1742 1996127
1612 199690
1343 1995787
1613 199692
1757 1996278
947 199693
1361 199694
948 199695
1556 1995792
974 1996135
1557 1995794
1558 1995795
1559 1995796
1610 199681
1589 199613
1562 1995799
997 1996183
1736 1995118
1362 1996147
1356 199622
1746 1996297
1591 199615
861 1995811
1622 1996153
1513 1995616
1280 199595
1730 1996275
1565 1995817
1333 1995685
1202 1996159
1593 199617
1639 1996231
1398 199568
1726 199686
1187 1995823
983 1996165
1594 199618
1566 1995826
1188 1995829
803 1995688
499 1995100
1281 1995101
500 1995102
1282 1995103
501 1995104
502 1995105
503 1995106
504 1995107
505 1995108
506 1995109
1283 1995110
507 1995111
1284 1995112
1401 1995114
1285 1995115
508 1995116
1231 1995117
1670 1996387
509 1995119
510 1995120
511 1995121
1286 1995122
1287 1995123
1288 1995124
1289 1995125
1402 1995126
512 1995127
513 1995128
514 1995129
515 1995130
516 1995131
1290 1995132
1403 1995133
1404 1995134
517 1995135
518 1995136
519 1995137
520 1995138
521 1995139
522 1995140
1405 1995141
1406 1995142
1407 1995143
523 1995144
524 1995145
1408 1995146
525 1995147
526 1995148
527 1995149
528 1995150
529 1995151
530 1995152
531 1995153
532 1995154
1409 1995155
1410 1995156
533 1995157
534 1995158
1142 1995159
535 1995160
1291 1995161
536 1995162
537 1995163
1737 1995164
1705 1995165
538 1995166
1411 1995168
539 1995169
540 1995170
1412 1995171
541 1995172
1413 1995173
1232 1995174
1414 1995175
542 1995176
1415 1995177
1416 1995178
1572 1995847
543 1995180
1292 1995181
1293 1995182
1363 1996189
1738 1995184
544 1995185
545 1995186
546 1995187
547 1995188
548 1995189
1417 1995190
549 1995191
550 1995192
551 1995193
552 1995194
1706 1995195
1143 1995196
1707 1995197
1708 1995198
1709 1995199
1418 1995200
1419 1995201
553 1995202
1144 1995203
554 1995204
1233 1995205
555 1995206
556 1995207
557 1995208
1420 1995209
558 1995210
559 1995211
1421 1995212
1422 1995213
1423 1995214
1735 1995179
560 1995216
561 1995217
1424 1995218
1425 1995219
562 1995220
563 1995221
1294 1995222
564 1995223
1426 1995224
1427 1995225
1428 1995226
565 1995227
566 1995228
567 1995229
568 1995230
569 1995231
570 1995232
571 1995233
572 1995234
573 1995235
574 1995237
575 1995238
576 1995239
577 1995240
578 1995241
579 1995242
1145 1995243
580 1995244
581 1995245
582 1995246
583 1995247
584 1995248
1146 1995249
585 1995250
586 1995251
1147 1995252
1148 1995253
587 1995254
1739 1995255
588 1995256
1295 1995257
589 1995258
1429 1995259
1430 1995260
590 1995261
591 1995262
592 1995263
593 1995264
594 1995265
1296 1995266
1297 1995267
1431 1995268
1432 1995270
595 1995271
1149 1995272
1710 1995273
596 1995274
1433 1995275
1434 1995276
1435 1995277
1436 1995278
597 1995279
598 1995280
1298 1995281
1150 1995282
599 1995283
1234 1995284
600 1995285
601 1995286
1151 1995287
1299 1995288
1300 1995290
602 1995291
603 1995292
604 1995293
605 1995294
1235 1995295
1437 1995296
606 1995297
1711 1995298
1438 1995299
1439 1995300
1301 1995301
1440 1995302
1236 1995303
607 1995304
608 1995305
609 1995306
610 1995307
1152 1995308
611 1995309
612 1995310
1441 1995311
1302 1995312
1442 1995313
613 1995314
614 1995315
615 1995316
616 1995317
617 1995318
618 1995319
1443 1995320
1444 1995321
1237 1995322
1445 1995323
1303 1995324
1304 1995325
1446 1995326
1447 1995327
1238 1995328
1448 1995329
1239 1995330
619 1995331
620 1995332
1153 1995333
621 1995335
622 1995336
623 1995337
624 1995338
1449 1995339
625 1995340
626 1995341
627 1995342
1450 1995343
1712 1995344
1451 1995345
1452 1995346
1305 1995347
628 1995348
1154 1995349
629 1995350
1155 1995351
1713 1995352
630 1995353
631 1995354
632 1995355
1453 1995356
1454 1995357
892 1995877
1156 1995360
1754 1995361
1240 1995362
633 1995363
1740 1995364
634 1995365
635 1995366
1306 1995367
1307 1995368
636 1995369
1157 1995370
637 1995371
638 1995372
1308 1995373
1025 1996243
639 1995375
640 1995376
641 1995377
642 1995378
643 1995379
644 1995380
645 1995381
1456 1995382
1457 1995383
646 1995384
647 1995385
1158 1995386
1309 1995387
648 1995388
649 1995389
650 1995390
651 1995391
1159 1995392
1458 1995393
1459 1995394
1354 1995883
1461 1995396
1462 1995398
1012 1996225
1464 1995400
1465 1995401
652 1995402
1466 1995403
1467 1995404
1468 1995405
653 1995406
1310 1995407
654 1995408
655 1995409
1160 1995410
1469 1995411
656 1995412
657 1995413
1470 1995414
1471 1995415
658 1995416
1472 1995417
1473 1995418
1474 1995419
1475 1995420
1476 1995421
1477 1995422
1478 1995423
659 1995424
1479 1995425
1714 1995426
660 1995427
1241 1995428
661 1995429
662 1995430
663 1995431
664 1995432
665 1995433
666 1995434
1311 1995435
1161 1995436
1715 1995437
1716 1995438
1312 1995439
667 1995440
1480 1995441
1481 1995442
668 1995443
1482 1995444
1483 1995445
1484 1995446
669 1995447
670 1995448
671 1995449
672 1995450
1717 1995451
1485 1995452
673 1995453
674 1995454
675 1995455
676 1995456
677 1995457
1313 1995458
1314 1995459
1315 1995460
1486 1995461
1316 1995462
678 1995463
1487 1995464
1488 1995465
1317 1995466
1489 1995467
1490 1995468
1242 1995469
1491 1995470
679 1995471
680 1995472
1492 1995473
1318 1995474
681 1995475
682 1995476
683 1995477
1319 1995478
684 1995479
685 1995480
1320 1995481
1243 1995482
1493 1995483
1494 1995484
1495 1995485
1496 1995486
686 1995487
687 1995488
688 1995489
1497 1995490
689 1995491
1751 1995492
1698 1995493
1498 1995494
690 1995495
1162 1995496
1699 1995497
1499 1995498
1718 1995499
1719 1995500
691 1995501
692 1995502
1244 1995503
1245 1995504
1700 1995505
693 1995506
694 1995507
695 1995508
1246 1995509
696 1995510
697 1995511
698 1995512
1500 1995514
1720 1995515
1247 1995516
699 1995517
1321 1995518
700 1995519
1501 1995520
701 1995521
1758 1995522
1322 1995523
1323 1995524
702 1995525
703 1995526
1324 1995527
704 1995528
705 1995529
706 1995530
707 1995532
1502 1995533
1721 1995534
1722 1995535
708 1995536
709 1995537
710 1995538
1163 1995539
711 1995540
1503 1995541
1504 1995542
1164 1995543
712 1995544
713 1995545
714 1995546
715 1995547
1748 1995548
1505 1995549
716 1995550
717 1995551
718 1995552
719 1995553
1165 1995554
1166 1995555
720 1995556
721 1995557
722 1995558
1506 1995559
723 1995560
724 1995561
725 1995562
726 1995563
727 1995564
728 1995565
1325 1995566
1507 1995567
729 1995568
730 1995569
1326 1995570
731 1995571
732 1995572
1167 1995573
1508 1995574
733 1995575
734 1995576
1168 1995577
1723 1995578
735 1995579
736 1995580
737 1995581
1752 1995582
738 1995583
1509 1995584
739 1995585
740 1995586
1510 1995587
741 1995588
742 1995589
743 1995590
744 1995591
1169 1995592
745 1995593
746 1995594
1511 1995595
747 1995596
748 1995597
1512 1995598
1170 1995599
1327 1995600
1248 1995601
749 1995602
1171 1995603
750 1995604
1328 1995605
1172 1995606
445 199511
751 1995608
1274 199513
1174 1995610
752 1995611
447 199516
754 1995613
449 199518
756 1995615
451 199520
452 199521
758 1995618
759 1995619
760 1995620
761 1995621
453 199526
454 199527
764 1995624
765 1995625
766 1995626
767 1995627
457 199532
1175 1995629
458 199534
1177 1995631
1249 1995632
459 199537
1514 1995634
769 1995635
1179 1995636
460 199541
770 1995638
461 199543
462 199544
1330 1995641
463 199546
772 1995643
1181 1995644
773 1995645
774 1995646
775 1995647
776 1995648
1182 1995649
777 1995650
778 1995651
468 199556
469 199557
1138 199558
780 1995655
781 1995656
470 199561
471 199562
1277 199563
472 199564
473 199565
474 199566
475 199567
786 1995664
476 199569
477 199570
478 199571
479 199572
480 199573
481 199574
791 1995671
792 1995672
482 199577
483 199578
484 199579
794 1995676
485 199581
486 199582
487 199583
488 199584
798 1995681
799 1995682
489 199587
490 199588
491 199589
801 1995686
802 1995687
492 199592
493 199593
494 199594
806 1995691
495 199596
496 199597
497 199598
498 199599
810 1995696
1334 1995697
1522 1995698
1134 19955
811 1995701
812 1995702
813 1995703
1524 1995704
814 1995705
815 1995706
816 1995707
817 1995708
818 1995709
1525 1995710
1526 1995711
1527 1995712
819 1995713
820 1995714
1184 1995715
821 1995716
1528 1995717
822 1995718
1252 1995719
905 199624
823 1995721
824 1995722
1256 199627
908 199628
909 199629
825 1995726
826 1995727
911 199632
912 199633
913 199634
914 199635
915 199636
916 199637
917 199638
827 1995735
1253 1995736
828 1995737
829 1995738
1535 1995739
919 199644
830 1995741
831 1995742
832 1995743
833 1995744
834 1995745
835 1995746
923 199651
836 1995748
924 199653
925 199654
837 1995751
926 199656
927 199657
838 1995754
1539 1995755
1540 1995756
839 1995757
840 1995758
900 19965
1341 1995760
930 199665
931 199666
1257 199667
932 199668
933 199669
934 199670
841 1995767
842 1995768
1360 199673
935 199674
843 1995771
844 1995772
938 199677
939 199678
1551 1995775
845 1995776
1048 1996288
846 1995778
847 1995779
848 1995780
942 199685
849 1995782
943 199687
944 199688
850 1995785
851 1995786
946 199691
852 1995788
853 1995789
854 1995790
855 1995791
949 199696
950 199697
951 199698
952 199699
1140 199575
1560 1995797
1561 1995798
1329 1995609
856 1995800
1563 1995801
857 1995802
1564 1995803
858 1995804
859 1995805
860 1995806
1344 1995807
1345 1995808
1724 1995809
1346 1995810
446 199515
862 1995812
1347 1995813
863 1995814
864 1995815
865 1995816
753 1995612
866 1995818
867 1995819
1186 1995820
868 1995821
869 1995822
448 199517
870 1995824
871 1995825
1141 199576
1567 1995827
872 1995828
755 1995614
873 1995830
1741 1995831
874 1995832
875 1995833
1348 1995834
450 199519
1349 1995836
1350 1995837
1568 1995838
877 1995839
1569 1995840
878 1995841
1570 1995842
1255 1995843
879 1995844
1571 1995845
880 1995846
757 1995617
881 1995848
1573 1995849
1574 1995850
882 1995851
1351 1995852
883 1995853
1575 1995854
1576 1995855
1352 1995857
1577 1995858
1135 199523
1579 1995860
884 1995861
885 1995862
1580 1995863
886 1995864
1581 1995865
1582 1995866
1583 1995867
887 1995868
1353 1995869
888 1995870
1136 199525
1585 1995872
1586 1995873
889 1995874
890 1995875
891 1995876
762 1995622
1747 1995878
893 1995879
1189 1995880
894 1995881
1190 1995882
763 1995623
895 1995884
896 1995885
897 1995886
1386 199528
876 1995835
1383 199510
1387 199529
1655 1996308
455 199530
1061 1996309
456 199531
768 1995628
1388 199533
1176 1995630
1389 199535
1390 199536
1656 1996315
1178 1995633
1399 199580
1523 1995699
1384 199512
1391 199539
1392 199540
1180 1995637
1276 199542
1515 1995639
1662 1996341
1516 1995640
1393 199545
771 1995642
1137 199547
1578 1995859
1394 199548
1275 199514
464 199549
465 199550
466 199551
467 199552
1745 1996287
1395 199553
1396 199554
1397 199555
779 1995652
1517 1995653
1331 1995654
1704 199590
1139 199559
1230 199560
782 1995657
783 1995658
1455 1995359
1518 1995659
953 1996100
1614 1996101
954 1996102
955 1996103
956 1996104
784 1995660
1615 1996106
1616 1996107
958 1996108
959 1996109
960 1996110
961 1996111
1617 1996112
1618 1996113
1727 1996114
1194 1996115
962 1996116
785 1995662
964 1996118
965 1996119
1258 1996120
1259 1996121
966 1996122
967 1996123
968 1996124
969 1996125
1195 1996126
1279 199586
1619 1996128
970 1996129
971 1996130
1196 1996131
972 1996132
973 1996133
1620 1996134
787 1995665
975 1996136
976 1996137
1621 1996138
1197 1996139
1198 1996140
1199 1996141
1260 1996142
1200 1996143
1261 1996144
977 1996145
1262 1996146
1250 1995667
1201 1996148
1263 1996149
1743 1996150
1264 1996151
978 1996152
788 1995668
1623 1996154
979 1996155
980 1996156
981 1996157
982 1996158
789 1995669
1203 1996160
1204 1996161
1205 1996162
1206 1996163
1207 1996164
790 1995670
984 1996166
985 1996167
986 1996168
987 1996169
988 1996170
989 1996171
1265 1996172
990 1996173
991 1996174
992 1996175
993 1996176
994 1996177
995 1996178
1624 1996179
1625 1996180
996 1996181
1626 1996182
793 1995673
1627 1996184
1628 1996185
1728 1996186
998 1996187
999 1996188
1251 1995674
1629 1996190
1630 1996191
1000 1996192
1702 1996193
1001 1996194
1208 1996195
1209 1996196
1210 1996197
1631 1996198
1744 1996199
1632 1996200
1002 1996201
1633 1996202
1266 1996203
1003 1996204
1364 1996205
1004 1996206
795 1995677
1005 1996208
1634 1996209
1635 1996210
1006 1996211
1007 1996212
1332 1995678
1211 1996214
1008 1996215
1009 1996216
1212 1996217
1010 1996218
796 1995679
1637 1996220
1011 1996221
1213 1996222
1638 1996223
1365 1996224
797 1995680
1366 1996226
1013 1996227
1014 1996228
1015 1996229
1016 1996230
1278 199585
1017 1996232
1018 1996233
1019 1996234
1020 1996235
1640 1996236
1021 1996237
1022 1996238
1641 1996239
1367 1996240
1023 1996241
1024 1996242
800 1995683
1026 1996244
1642 1996245
1027 1996246
1643 1996247
1028 1996248
1521 1995684
1644 1996250
1645 1996251
1029 1996252
1030 1996253
1031 1996254
1032 1996255
1646 1996256
1033 1996257
1268 1996258
1034 1996259
1647 1996260
1214 1996261
1648 1996262
1035 1996263
1036 1996264
1037 1996265
1038 1996266
1039 1996267
1040 1996268
1269 1996269
1041 1996270
1042 1996271
1649 1996272
440 19953
441 19954
1043 1996273
442 19956
1273 19957
443 19958
444 19959
1270 1996280
1651 1996281
1652 1996282
898 19963
899 19964
805 1995690
901 19966
1587 19967
902 19968
903 19969
1271 1996290
1050 1996291
1051 1996292
1733 1996293
1052 1996294
1053 1996295
1054 1996296
807 1995692
1055 1996298
1653 1996299
1369 1996300
1056 1996301
1057 1996302
1183 1995693
1058 1996304
1044 1996274
1272 1996306
1060 1996307
1385 199522
808 1995694
1062 1996310
1703 1996311
1063 1996312
1215 1996313
1370 1996314
809 1995695
1657 1996316
1371 1996317
1064 1996318
1065 1996319
1066 1996320
1067 1996321
1658 1996322
1068 1996323
1069 1996324
1070 1996325
1659 1996326
1071 1996327
1072 1996328
1073 1996329
1074 1996330
1075 1996331
1076 1996332
1077 1996333
1078 1996334
1660 1996335
1079 1996336
1661 1996337
1080 1996338
1216 1996339
1217 1996340
1267 1996207
1663 1996342
1081 1996343
1218 1996344
1219 1996345
1220 1996346
1221 1996347
1222 1996348
1223 1996349
1224 1996350
1082 1996351
1083 1996352
1084 1996353
1085 1996354
1086 1996355
1087 1996356
1088 1996357
1089 1996358
1090 1996359
1372 1996360
1373 1996361
1091 1996362
1664 1996363
1734 1996364
1092 1996365
1093 1996366
1094 1996367
1665 1996368
1095 1996369
1666 1996370
1096 1996371
1097 1996372
1667 1996373
1098 1996374
1099 1996375
1100 1996376
1101 1996377
1102 1996378
1103 1996379
1225 1996380
1104 1996381
1105 1996382
1374 1996383
1106 1996384
1668 1996385
1669 1996386
904 199611
1375 1996388
1107 1996389
1108 1996390
1109 1996391
1376 1996392
1110 1996393
1671 1996394
1111 1996395
1672 1996396
1112 1996397
1113 1996398
1114 1996399
1115 1996400
1673 1996401
1674 1996402
1675 1996403
1116 1996404
1590 199614
1377 1996406
1117 1996407
1677 1996408
1678 1996409
1118 1996410
1119 1996411
1679 1996412
1680 1996413
1681 1996414
1682 1996415
1683 1996416
1592 199616
1120 1996418
1121 1996419
1685 1996420
1122 1996421
1686 1996422
1123 1996423
1124 1996424
1125 1996425
1226 1996426
1227 1996427
1400 199591
1126 1996429
1687 1996430
1127 1996431
1750 1996432
1688 1996433
1228 1996434
1595 199619
1690 1996436
1691 1996437
1128 1996438
1692 1996439
1129 1996440
1596 199620
1755 1996442
1378 1996443
1130 1996444
1229 1996445
1694 1996446
1131 1996447
1379 1996448
1380 1996449
1381 1996450
1382 1996451
1132 1996452
1133 1996453
1695 1996454
1368 1996279
1697 1996456
1357 199623
1529 1995720
906 199625
907 199626
1676 1996405
1530 1995723
1531 1995724
1584 1995871
1335 1995725
804 1995689
1598 199630
910 199631
1336 1995728
1337 1995729
1729 1996213
1532 1995730
1338 1995731
1654 1996303
1533 1995732
1534 1995733
1339 1995734
1684 1996417
1358 199639
1599 199640
1460 1995395
1191 199641
918 199642
1045 1996283
1600 199643
1536 1995740
1463 1995399
920 199645
1601 199646
921 199647
1046 1996284
1602 199648
1192 199649
1749 1996249
1753 1996428
922 199650
1185 1995747
1359 199652
1047 1996285
1340 1995749
1537 1995750
1701 199655
1588 199612
1538 1995752
1689 1996435
1254 1995753
1732 1996286
928 199658
1603 199659
1604 199660
1605 199661
1520 1995663
1606 199662
1693 1996441
929 199663
1636 1996219
1607 199664
1542 1995761
1543 1995762
1544 1995763
1650 1996277
957 1996105
1545 1995764
1546 1995765
1547 1995766
1756 1995183
1193 199671
1725 199672
1173 1995607
1049 1996289
1548 1995769
1549 1995770
1541 1995759
936 199675
937 199676
1696 1996455
1342 1995773
1550 1995774
1608 199679
963 1996117
