1539 199747
1292 1997156
1478 1998341
933 1998342
1482 1998352
934 1998344
1285 1997100
1131 1997101
1286 1997102
496 1997103
1033 1997104
497 1997105
498 1997106
1132 1997107
499 1997108
500 1997109
501 1997110
502 1997111
503 1997112
1287 1997113
1547 1997114
1548 1997115
504 1997116
1133 1997117
505 1997118
506 1997119
507 1997120
508 1997121
509 1997122
510 1997123
511 1997124
1288 1997125
512 1997126
1034 1997127
1035 1997128
1036 1997129
1037 1997130
513 1997131
514 1997132
515 1997133
1206 1997134
1289 1997135
516 1997136
1290 1997137
1134 1997138
517 1997139
1135 1997140
1136 1997141
518 1997142
519 1997143
520 1997144
1038 1997145
1039 1997146
1137 1997147
1549 1997148
1138 1997149
521 1997150
1550 1997151
1291 1997152
1551 1997153
522 1997154
1040 1997155
1193 1998353
1293 1997157
523 1997158
524 1997159
1294 1997160
1295 1997161
525 1997162
1041 1997163
1296 1997164
526 1997165
527 1997166
528 1997167
529 1997168
530 1997169
531 1997170
532 1997171
533 1997172
534 1997173
535 1997174
536 1997175
537 1997176
538 1997177
539 1997178
1297 1997179
540 1997180
541 1997181
1042 1997182
1298 1997183
542 1997184
543 1997185
1225 1997186
1552 1997187
1043 1997188
1044 1997189
1207 1997190
544 1997191
1553 1997192
1299 1997193
1300 1997194
1301 1997195
1139 1997196
1302 1997197
545 1997198
1045 1997199
1226 1997200
546 1997201
547 1997202
548 1997203
1303 1997204
1304 1997205
549 1997206
550 1997207
551 1997208
552 1997209
553 1997210
554 1997211
555 1997212
556 1997213
557 1997214
558 1997215
559 1997216
560 1997217
561 1997218
562 1997219
563 1997220
564 1997221
565 1997222
566 1997223
567 1997225
568 1997226
1554 1997227
569 1997228
570 1997229
571 1997230
572 1997231
1305 1997232
573 1997233
574 1997234
1046 1997235
1306 1997236
1047 1997237
575 1997238
1140 1997239
576 1997240
1048 1997241
577 1997242
1141 1997243
578 1997244
579 1997245
1049 1997246
1050 1997247
580 1997248
581 1997249
1307 1997250
582 1997251
1308 1997252
1309 1997253
1310 1997254
1142 1997255
1311 1997256
583 1997257
584 1997258
585 1997259
586 1997260
587 1997261
1555 1997262
588 1997263
1589 1997264
1143 1997265
1051 1997266
589 1997267
590 1997268
591 1997269
592 1997270
1312 1997271
1313 1997272
1314 1997273
593 1997275
1144 1997276
1556 1997277
594 1997278
1052 1997280
595 1997281
596 1997282
597 1997283
598 1997284
599 1997285
600 1997286
1557 1997287
601 1997288
1145 1997289
1146 1997290
602 1997291
1053 1997292
603 1997293
604 1997294
1147 1997295
605 1997296
606 1997297
1227 1997298
1315 1997299
1148 1997300
1316 1997301
607 1997302
1317 1997303
1228 1997304
1229 1997305
1318 1997306
1558 1997307
608 1997309
1319 1997310
609 1997311
610 1997312
611 1997313
1248 1997314
612 1997315
1249 1997316
1054 1997318
1320 1997319
1321 1997320
1598 1997321
1149 1997322
1322 1997323
613 1997324
1559 1997325
1323 1997326
1324 1997327
1325 1997328
1055 1997329
1056 1997330
1057 1997331
1058 1997332
614 1997333
1326 1997334
1327 1997335
1604 1997336
1250 1997337
1599 1997338
615 1997339
616 1997340
1230 1997341
1231 1997342
617 1997343
1328 1997344
618 1997345
1329 1997346
1276 199771
1331 1997348
1332 1997349
619 1997350
1059 1997351
1590 1997352
620 1997353
621 1997354
622 1997355
623 1997356
624 1997357
1333 1997358
625 1997359
626 1997360
627 1997361
628 1997362
629 1997363
630 1997364
1251 1997365
1208 1997366
1334 1997367
631 1997368
632 1997369
1335 1997370
633 1997371
634 1997372
1232 1997373
1252 1997374
635 1997375
636 1997376
1253 1997377
1060 1997378
637 1997379
1336 1997380
1209 1997381
638 1997382
639 1997383
640 1997384
641 1997385
642 1997386
1337 1997387
643 1997388
1254 1997389
644 1997390
1338 1997391
1255 1997392
1339 1997393
645 1997394
1233 1997395
1234 1997396
1340 1997397
1235 1997398
646 1997399
1341 1997400
1342 1997401
1343 1997402
1256 1997403
647 1997404
648 1997405
649 1997406
650 1997407
651 1997408
652 1997409
653 1997410
654 1997411
655 1997412
1150 1997413
1210 1997414
1061 1997415
656 1997416
657 1997417
658 1997418
659 1997419
1062 1997420
1344 1997421
1345 1997422
1346 1997423
660 1997424
661 1997425
1063 1997426
1347 1997427
662 1997428
1151 1997429
1152 1997430
663 1997431
1153 1997432
664 1997433
1154 1997434
1348 1997435
1064 1997436
1065 1997437
1066 1997438
665 1997439
1349 1997440
1350 1997441
1155 1997442
666 1997443
667 1997444
1156 1997445
668 1997446
669 1997447
1157 1997448
670 1997449
671 1997450
672 1997451
1351 1997452
673 1997453
1158 1997454
1067 1997455
1068 1997456
1211 1997457
674 1997458
1069 1997459
1070 1997460
1071 1997461
1352 1997462
1353 1997463
1354 1997464
675 1997465
676 1997466
677 1997467
1355 1997468
678 1997469
1356 1997470
679 1997471
1212 1997472
680 1997473
1357 1997474
681 1997475
682 1997476
1358 1997477
683 1997478
1359 1997479
684 1997480
685 1997481
1072 1997482
1236 1997483
686 1997484
687 1997485
1237 1997486
1360 1997487
1361 1997488
1362 1997489
688 1997490
1363 1997491
689 1997492
1560 1997493
690 1997494
691 1997495
692 1997496
693 1997497
694 1997498
695 1997499
696 1997500
1364 1997501
697 1997502
1073 1997503
698 1997504
1159 1997505
1074 1997506
1160 1997507
699 1997508
700 1997509
701 1997510
1365 1997511
1366 1997512
702 1997513
1367 1997514
1368 1997515
1369 1997516
1370 1997517
1371 1997518
1372 1997519
1373 1997520
1374 1997521
703 1997522
1375 1997523
704 1997524
1376 1997525
705 1997526
706 1997527
707 1997528
708 1997529
709 1997530
710 1997532
1377 1997533
711 1997534
712 1997535
713 1997536
1378 1997537
714 1997538
1379 1997539
1380 1997540
715 1997541
716 1997542
1381 1997543
1382 1997544
1383 1997545
1384 1997546
1385 1997547
717 1997548
718 1997549
1386 1997550
719 1997551
720 1997552
1387 1997553
721 1997554
722 1997555
1238 1997556
1388 1997557
723 1997558
724 1997559
725 1997560
1389 1997561
726 1997562
1390 1997563
727 1997564
1257 1997565
728 1997566
729 1997567
730 1997568
1391 1997569
1075 1997570
731 1997571
1392 1997572
732 1997573
733 1997574
734 1997575
735 1997576
736 1997577
1076 1997578
737 1997579
1161 1997580
1393 1997581
1394 1997582
1395 1997583
738 1997584
739 1997585
740 1997586
741 1997587
1162 1997588
1396 1997589
742 1997590
1163 1997591
1561 1997592
743 1997593
1562 1997594
1563 1997595
1564 1997596
744 1997597
1565 1997598
745 1997599
1566 1997600
746 1997601
747 1997602
1077 1997603
1164 1997604
1397 1997606
1213 1997607
1398 1997608
1399 1997609
748 1997610
1400 1997611
749 1997612
750 1997613
1401 1997614
751 1997615
752 1997616
753 1997617
1402 1997618
1567 1997619
754 1997620
755 1997621
756 1997622
1403 1997623
1404 1997624
757 1997625
1165 1997626
758 1997627
1166 1997628
759 1997629
1167 1997630
760 1997631
1239 1997632
761 1997633
1078 1997634
762 1997635
763 1997636
764 1997637
765 1997638
766 1997639
1079 1997640
1405 1997641
1330 1997347
449 199710
450 199711
451 199712
1261 199713
1536 199714
452 199715
453 199716
454 199717
455 199718
456 199719
457 199720
458 199721
459 199722
1129 199723
460 199724
1537 199725
461 199726
462 199727
463 199728
464 199729
465 199730
1262 199731
466 199732
1263 199733
467 199734
935 1998345
1265 199736
1266 199737
468 199738
1267 199739
469 199740
936 1998346
1269 199742
1270 199743
470 199744
471 199745
1538 199746
937 1998347
1540 199748
1588 199749
1031 199750
472 199751
1541 199752
473 199753
474 199754
475 199755
1271 199756
1272 199757
1542 199758
476 199759
1273 199760
477 199761
478 199762
479 199763
1602 199764
480 199765
1274 199766
1275 199767
481 199768
1543 199769
482 199770
939 1998351
1277 199772
1544 199773
1545 199774
1032 199775
1278 199776
483 199777
1130 199778
1279 199779
1546 199780
1596 199781
484 199782
485 199783
486 199784
487 199785
488 199786
489 199787
1280 199788
1224 199789
1281 199790
1282 199791
490 199792
491 199793
492 199794
493 199795
494 199796
1283 199797
495 199798
1284 199799
1105 1998356
1106 1998357
773 199810
774 199811
1568 199812
775 199813
776 199815
777 199816
778 199817
779 199818
1407 199819
780 199820
781 199821
1408 199822
782 199823
1409 199824
1569 199825
1410 199826
1411 199827
1168 199828
783 199829
784 199830
785 199831
786 199832
787 199833
1169 199834
788 199835
789 199836
790 199837
791 199838
792 199839
1570 199840
1412 199841
793 199842
794 199843
795 199844
796 199845
797 199846
798 199847
799 199848
800 199849
1240 199850
801 199851
1080 199852
1571 199853
1170 199854
1171 199855
802 199856
803 199857
804 199858
1413 199859
1414 199860
1081 199861
1415 199862
805 199863
806 199864
807 199865
808 199866
809 199867
810 199868
811 199869
1416 199870
812 199871
813 199872
814 199873
815 199874
1417 199875
1241 199876
816 199877
817 199878
818 199879
1418 199880
819 199881
820 199882
821 199883
1419 199884
822 199885
823 199886
1420 199887
1172 199888
824 199889
825 199890
1173 199891
1174 199892
826 199893
1082 199894
827 199895
1258 199896
1259 199897
1421 199898
1083 199899
1104 1998355
1483 1998354
1422 1998100
828 1998101
1084 1998102
829 1998103
1242 1998104
830 1998105
831 1998106
832 1998107
833 1998108
1423 1998109
834 1998110
1214 1998111
1601 1998112
1424 1998113
1085 1998114
835 1998115
1572 1998116
1175 1998117
836 1998118
837 1998119
1425 1998120
1426 1998123
838 1998124
1427 1998125
1428 1998126
839 1998127
840 1998128
841 1998129
842 1998130
843 1998131
1429 1998132
1430 1998133
1431 1998134
844 1998135
1086 1998136
845 1998137
846 1998138
1087 1998139
847 1998140
848 1998141
1432 1998142
1600 1998143
849 1998144
1433 1998145
1088 1998146
1089 1998147
850 1998148
851 1998149
1090 1998150
1176 1998151
1434 1998152
1435 1998153
1436 1998154
852 1998156
1437 1998157
1438 1998158
1439 1998160
853 1998161
1440 1998162
1441 1998163
854 1998164
1442 1998165
1443 1998166
1444 1998167
1445 1998168
1091 1998169
855 1998170
856 1998171
1177 1998172
857 1998173
858 1998174
859 1998175
860 1998176
861 1998177
1092 1998178
862 1998179
863 1998180
1178 1998181
1179 1998182
1180 1998183
864 1998184
865 1998185
1446 1998186
866 1998187
1447 1998188
867 1998189
1448 1998190
868 1998191
1449 1998192
869 1998193
1450 1998194
870 1998195
871 1998196
1451 1998197
1181 1998198
1182 1998199
1183 1998200
872 1998201
1215 1998202
1184 1998203
873 1998204
1093 1998205
1452 1998206
1453 1998207
1454 1998208
874 1998209
875 1998210
876 1998211
1243 1998212
877 1998213
878 1998214
1185 1998215
1186 1998216
1455 1998217
879 1998218
880 1998219
1456 1998220
881 1998221
882 1998222
883 1998223
1457 1998224
884 1998225
885 1998226
886 1998227
1187 1998228
1094 1998229
887 1998230
888 1998231
1591 1998232
1458 1998233
1459 1998234
1605 1998235
1460 1998237
1095 1998238
889 1998239
890 1998240
891 1998241
892 1998242
1188 1998244
1461 1998245
1096 1998246
1097 1998247
893 1998248
1189 1998249
894 1998250
895 1998251
1190 1998253
1098 1998254
896 1998255
897 1998256
898 1998257
1603 1998258
1462 1998259
1463 1998260
899 1998261
900 1998263
1464 1998264
901 1998265
1465 1998266
902 1998267
1466 1998268
1573 1998269
903 1998270
904 1998272
905 1998273
906 1998274
1244 1998275
1216 1998276
1467 1998277
1574 1998279
1597 1998280
907 1998281
908 1998282
909 1998283
910 1998284
911 1998286
1191 1998287
1468 1998288
1575 1998289
1469 1998290
912 1998291
1470 1998292
1099 1998293
1192 1998294
1217 1998295
1218 1998296
1576 1998297
1577 1998298
1578 1998299
1471 1998300
1219 1998301
913 1998302
1472 1998303
914 1998304
915 1998305
916 1998306
1579 1998307
1580 1998308
1581 1998309
917 1998310
918 1998311
919 1998312
920 1998313
921 1998314
922 1998315
1100 1998316
1582 1998317
1473 1998318
923 1998319
1583 1998320
924 1998321
925 1998322
1245 1998323
926 1998324
1101 1998325
1474 1998326
1584 1998327
927 1998328
1585 1998329
1102 1998330
928 1998331
1586 1998332
1475 1998333
929 1998334
930 1998335
931 1998336
1476 1998337
932 1998338
1103 1998339
1477 1998340
443 19973
444 19974
1479 1998343
445 19976
446 19977
447 19978
448 19979
938 1998348
1480 1998349
1481 1998350
767 19983
768 19984
769 19985
1406 19986
770 19987
771 19988
772 19989
940 1998358
1107 1998359
1220 1998360
941 1998361
1484 1998362
1485 1998363
1194 1998364
1108 1998365
1109 1998366
1110 1998367
1111 1998368
942 1998369
943 1998370
944 1998371
945 1998372
946 1998373
947 1998374
1195 1998375
1196 1998376
948 1998377
949 1998378
950 1998379
951 1998380
1197 1998381
952 1998382
953 1998383
1486 1998384
954 1998385
955 1998386
1198 1998387
956 1998388
957 1998389
1112 1998390
1113 1998391
958 1998392
959 1998393
1487 1998394
1199 1998395
960 1998396
961 1998397
962 1998398
963 1998399
964 1998400
965 1998401
1114 1998402
1488 1998403
1489 1998404
1490 1998405
966 1998406
1491 1998407
1492 1998408
1493 1998409
1221 1998410
967 1998411
1494 1998412
968 1998413
1115 1998414
1116 1998415
1117 1998416
1118 1998417
969 1998418
970 1998419
1495 1998420
971 1998421
972 1998422
973 1998423
974 1998424
1496 1998425
975 1998426
976 1998427
977 1998428
1497 1998429
978 1998430
1222 1998431
979 1998432
1498 1998433
1592 1998434
980 1998435
1200 1998436
981 1998437
982 1998438
983 1998439
984 1998440
1223 1998441
985 1998443
1201 1998444
1119 1998445
986 1998446
1499 1998447
1500 1998448
1501 1998449
1502 1998450
1503 1998451
1504 1998452
987 1998453
1505 1998454
988 1998455
1202 1998456
989 1998457
990 1998458
991 1998459
992 1998460
1506 1998461
1507 1998462
1508 1998463
993 1998464
994 1998465
995 1998466
996 1998467
1120 1998468
1509 1998469
1510 1998470
997 1998471
1511 1998472
1593 1998473
998 1998474
999 1998475
1000 1998476
1001 1998477
1512 1998478
1002 1998479
1003 1998480
1513 1998481
1004 1998482
1005 1998483
1006 1998484
1121 1998485
1514 1998486
1007 1998487
1515 1998488
1008 1998489
1009 1998490
1010 1998491
1122 1998492
1516 1998493
1517 1998494
1518 1998495
1519 1998496
1520 1998497
1587 1998498
1521 1998499
1011 1998500
1012 1998501
1013 1998502
1522 1998503
1014 1998504
1203 1998505
1015 1998506
1016 1998507
1017 1998508
1018 1998509
1019 1998510
1020 1998511
1021 1998512
1022 1998513
1123 1998514
1204 1998515
1523 1998516
1124 1998517
1125 1998518
1126 1998519
1524 1998520
1525 1998521
1205 1998522
1526 1998523
1127 1998524
1527 1998525
1128 1998526
1528 1998527
1594 1998528
1529 1998529
1023 1998530
1530 1998531
1024 1998532
1531 1998533
1025 1998534
1026 1998535
1532 1998536
1533 1998538
1027 1998539
1534 1998540
1028 1998541
1535 1998542
1029 1998543
1260 1998544
1246 1998545
1247 1998546
1030 1998547
1264 199735
1595 19975
1268 199741
