1643 200022
1508 2000215
1211 2000110
1612 2000451
1457 200025
1465 200071
919 2000218
1219 2000219
1331 199962
1468 200074
920 2000220
1485 2000124
854 2000111
1509 2000222
1532 2000301
1510 2000223
1220 2000224
1479 200088
1460 200033
923 2000226
924 2000227
1307 2000228
1283 2000229
1609 2000288
1579 2000571
925 2000230
1580 2000572
1212 2000113
1512 2000232
1284 2000233
1513 2000234
1215 2000128
1304 1999552
1514 2000235
1482 200099
1308 2000236
1353 1999129
1221 2000237
926 2000238
1515 2000239
927 2000240
1484 2000115
1124 2000583
928 2000242
1466 200072
1293 2000584
1222 2000243
929 2000244
1205 200092
1555 2000425
1297 199963
930 2000245
1456 200024
931 2000246
1641 19996
932 2000247
1634 2000248
1630 2000249
1206 200093
1517 2000250
1511 2000231
1585 2000592
1223 2000251
1518 2000252
933 2000253
1610 2000337
1607 2000254
1526 2000289
1462 200063
489 1999100
490 1999101
491 1999102
1153 1999103
492 1999104
493 1999105
494 1999106
1343 1999107
1344 1999108
1345 1999109
1346 1999110
936 2000257
1348 1999112
1349 1999114
495 1999115
496 1999116
497 1999117
1350 1999118
1154 1999119
498 1999120
499 1999121
1351 1999122
938 2000259
500 1999124
501 1999125
1155 1999126
1587 1999127
502 1999128
939 2000260
503 1999130
1354 1999131
1156 1999132
504 1999133
1157 1999134
1203 200069
505 1999136
1356 1999137
1357 1999138
506 1999139
1358 1999140
1359 1999141
507 1999142
508 1999143
1158 1999144
509 1999145
1360 1999146
510 1999147
511 1999148
512 1999149
513 1999150
1588 1999151
1361 1999152
514 1999153
515 1999154
516 1999155
517 1999156
1621 1999157
518 1999158
1318 2000265
1363 1999160
519 1999161
520 1999162
1622 1999163
521 1999164
522 1999165
523 1999166
524 1999167
1159 1999168
525 1999169
526 1999170
1160 1999171
527 1999172
528 1999173
1364 1999174
529 1999175
530 1999176
531 1999177
532 1999178
533 1999179
534 1999180
535 1999181
1161 1999182
536 1999183
1270 1999184
1365 1999185
537 1999186
538 1999187
539 1999188
540 1999189
1366 1999190
1300 1999191
1367 1999192
541 1999193
542 1999194
1368 1999195
543 1999196
544 1999197
545 1999198
546 1999199
547 1999200
548 1999201
549 1999202
550 1999203
551 1999204
552 1999205
1369 1999206
553 1999207
554 1999208
555 1999209
1370 1999210
556 1999211
1162 1999212
557 1999213
558 1999214
559 1999215
1371 1999216
560 1999217
561 1999218
562 1999219
563 1999220
564 1999221
565 1999222
566 1999223
1372 1999224
567 1999225
568 1999226
569 1999227
1163 1999228
570 1999229
1164 1999230
1373 1999231
571 1999232
572 1999233
1165 1999234
1271 1999235
573 1999236
1166 1999237
574 1999238
575 1999239
1374 1999240
1375 1999241
1167 1999242
576 1999243
577 1999244
578 1999245
579 1999246
580 1999247
1376 1999248
581 1999249
582 1999250
583 1999251
1377 1999252
584 1999253
585 1999254
586 1999255
587 1999256
588 1999257
589 1999258
1378 1999259
590 1999260
591 1999261
1379 1999262
592 1999263
593 1999264
1589 1999265
1272 1999266
594 1999267
1380 1999268
595 1999269
596 1999270
597 1999271
598 1999272
599 1999273
1381 1999274
600 1999275
1382 1999276
601 1999277
602 1999278
1168 1999279
603 1999280
604 1999281
1637 1999282
605 1999283
1383 1999284
1169 1999285
606 1999286
607 1999287
608 1999288
609 1999289
1170 1999290
1208 200095
1385 1999292
1386 1999293
610 1999294
611 1999295
612 1999296
1387 1999297
1388 1999298
613 1999299
614 1999300
1171 1999301
615 1999302
616 1999303
617 1999304
618 1999305
619 1999306
1301 1999307
620 1999308
621 1999309
1389 1999310
622 1999311
1390 1999312
623 1999313
624 1999314
1172 1999315
625 1999316
1391 1999317
626 1999318
627 1999319
628 1999320
1590 1999321
1392 1999322
629 1999323
630 1999324
1393 1999325
1394 1999326
1302 1999327
631 1999328
632 1999329
1395 1999330
633 1999331
1396 1999332
1397 1999333
1627 1999334
634 1999335
635 1999336
1173 1999337
636 1999338
637 1999339
1591 1999340
1214 2000127
1273 1999342
1174 1999343
1175 1999344
1274 1999345
638 1999346
1135 1999347
639 1999348
1399 1999349
1400 1999350
1401 1999351
1176 1999352
1402 1999353
1403 1999354
1404 1999355
1405 1999356
1406 1999357
640 1999358
1407 1999359
1408 1999360
641 1999361
642 1999362
643 1999363
1409 1999364
644 1999365
645 1999366
646 1999367
647 1999368
648 1999369
1177 1999370
1178 1999371
1275 1999372
1276 1999373
1277 1999374
649 1999375
650 1999376
1410 1999377
651 1999378
652 1999379
653 1999380
654 1999381
655 1999382
656 1999383
1411 1999384
657 1999385
658 1999386
659 1999387
660 1999388
1179 1999389
1180 1999390
1412 1999391
1181 1999392
661 1999393
662 1999394
663 1999395
664 1999396
665 1999397
666 1999398
667 1999399
668 1999400
669 1999401
1413 1999402
670 1999403
671 1999404
672 1999405
1182 1999406
673 1999407
1183 1999408
1303 1999409
1414 1999410
674 1999411
1415 1999412
1416 1999413
1184 1999414
1185 1999415
1186 1999416
1187 1999417
675 1999418
676 1999419
677 1999420
678 1999421
679 1999422
680 1999423
1417 1999424
1418 1999425
681 1999426
1642 1999427
1419 1999428
682 1999429
1420 1999430
683 1999431
1628 1999432
1421 1999433
1422 1999434
684 1999435
685 1999436
686 1999437
687 1999438
688 1999439
689 1999440
690 1999441
1188 1999442
691 1999443
692 1999444
693 1999445
1423 1999446
694 1999447
695 1999448
696 1999449
697 1999450
1424 1999451
1425 1999452
1278 1999453
698 1999454
699 1999455
700 1999456
701 1999457
702 1999458
703 1999459
1426 1999461
704 1999462
705 1999463
706 1999464
1427 1999465
1428 1999466
1298 199970
707 1999468
708 1999469
709 1999470
1213 2000119
710 1999472
711 1999473
1431 1999474
712 1999475
713 1999476
1592 1999477
1593 1999478
1594 1999479
714 1999480
715 1999481
716 1999482
966 2000319
717 1999484
718 1999485
719 1999486
720 1999487
721 1999488
722 1999489
723 1999490
724 1999491
725 1999492
726 1999493
727 1999494
728 1999495
1189 1999496
729 1999497
730 1999498
1433 1999499
1595 1999500
1434 1999501
731 1999502
732 1999503
733 1999504
1596 1999505
734 1999506
735 1999507
736 1999508
737 1999509
738 1999510
739 1999511
1190 1999512
740 1999513
1597 1999514
1435 1999515
1436 1999516
741 1999517
1437 1999518
742 1999519
1438 1999520
1336 199972
1440 1999522
1441 1999523
1598 1999524
743 1999525
744 1999526
745 1999527
746 1999528
747 1999529
748 1999530
749 1999531
750 1999532
1191 1999533
751 1999534
752 1999535
753 1999536
754 1999537
1192 1999538
755 1999539
756 1999540
757 1999541
758 1999542
759 1999543
760 1999544
761 1999545
762 1999546
1599 1999547
763 1999548
764 1999549
765 1999550
766 1999551
1131 2000599
767 1999553
1193 1999554
1638 1999555
768 1999556
1442 1999557
1443 1999558
1279 1999559
769 1999560
1280 1999561
1635 1999562
1636 1999563
770 1999564
1639 1999565
771 1999566
772 1999567
773 1999568
774 1999569
775 1999570
776 1999571
777 1999572
778 1999573
779 1999574
780 1999575
1444 1999576
1194 1999577
781 1999578
1195 1999579
782 1999580
1445 1999581
783 1999582
1446 1999583
1347 1999111
1640 1999585
1196 1999586
784 1999587
1448 1999588
1136 1999589
1137 1999590
785 1999591
1138 1999592
1197 1999593
1198 1999594
786 1999595
1449 1999596
1450 1999597
1451 1999598
1452 1999599
787 1999600
1453 1999601
788 1999602
1454 1999603
789 1999604
790 1999605
791 1999606
1139 1999607
792 1999608
1199 1999609
793 1999610
794 1999611
1623 1999612
1470 200076
1282 20007
1631 199967
1216 2000129
1539 2000347
1201 20008
989 2000349
1299 199971
1520 2000274
994 2000355
1521 2000275
1447 1999584
1534 2000307
1398 1999341
1080 2000481
1002 2000367
1522 2000277
1335 199968
1323 199913
1523 2000278
1486 2000142
1603 2000103
1608 2000279
1507 2000211
1463 200064
1524 2000281
1600 200037
1604 2000145
950 2000282
1601 200054
1352 1999123
1605 2000146
1025 2000397
951 2000283
1487 2000147
1030 2000403
1031 2000404
1334 199966
1500 2000186
1549 2000409
1550 2000410
1285 2000411
1519 2000270
1037 2000413
1551 2000414
1525 2000286
1038 2000415
1552 2000416
1553 2000417
1326 199929
1516 2000241
1039 2000419
1611 2000420
1315 20005
866 2000132
848 2000100
1200 20006
441 199910
442 199911
443 199912
851 2000105
444 199914
445 199915
446 199916
447 199917
448 199918
449 199919
1305 2000112
450 199921
855 2000114
451 199923
856 2000116
452 199925
453 199926
454 199927
455 199928
1306 2000121
456 199930
457 199931
458 199932
459 199933
863 2000126
1143 199935
460 199936
461 199937
462 199938
463 199939
464 199940
465 199941
868 2000134
869 2000135
870 2000136
871 2000137
466 199946
467 199947
874 2000140
468 199949
469 199950
470 199951
471 199952
1145 199953
1146 199954
472 199955
473 199956
474 199957
475 199958
476 199959
881 2000152
882 2000153
883 2000154
884 2000155
1332 199964
885 2000157
886 2000158
1489 2000159
887 2000160
477 199969
889 2000162
890 2000163
891 2000164
478 199973
479 199974
1337 199975
1314 199976
1268 199977
893 2000170
894 2000171
895 2000172
896 2000173
480 199982
897 2000175
898 2000176
899 2000177
900 2000178
481 199987
901 2000180
482 199989
483 199990
484 199991
485 199992
1342 199993
1151 199994
902 2000187
486 199996
487 199997
488 199998
904 2000191
905 2000192
906 2000193
907 2000194
1502 2000195
1316 2000196
908 2000197
909 2000198
910 2000199
1503 2000200
1504 2000201
911 2000202
797 200011
798 200012
1202 200013
799 200014
800 200015
801 200016
802 200017
803 200018
804 200019
805 200020
806 200021
918 2000214
807 200023
1217 2000216
1218 2000217
808 200026
809 200027
810 200028
811 200029
1458 200030
1459 200031
812 200032
922 2000225
813 200034
814 200035
815 200036
849 2000102
816 200038
817 200039
818 200040
819 200041
820 200042
821 200043
822 200044
823 200045
824 200046
825 200047
826 200048
827 200049
828 200050
829 200051
830 200052
831 200053
867 2000133
832 200055
833 200056
834 200057
1461 200058
835 200059
836 200060
837 200061
838 200062
934 2000255
935 2000256
839 200065
840 200066
841 200067
842 200068
940 2000261
941 2000262
942 2000263
1317 2000264
853 2000108
1224 2000266
1225 2000267
943 2000268
944 2000269
921 2000221
945 2000271
946 2000272
947 2000273
1475 200082
1476 200083
948 2000276
843 200085
1478 200086
1602 200087
949 2000280
844 200089
845 200090
846 200091
952 2000284
953 2000285
1207 200094
954 2000287
847 200096
1324 199920
1226 2000290
955 2000291
1527 2000292
1528 2000293
956 2000294
957 2000295
1309 2000296
1529 2000297
958 2000298
1530 2000299
1531 2000300
1325 199922
959 2000302
1533 2000303
1227 2000304
960 2000305
1228 2000306
1483 2000101
961 2000308
1310 2000309
962 2000310
1632 2000311
963 2000312
1142 199924
964 2000314
965 2000315
1229 2000316
1311 2000317
1230 2000318
857 2000117
967 2000320
968 2000321
969 2000322
970 2000323
1536 2000324
858 2000118
972 2000326
1537 2000327
973 2000328
1538 2000329
974 2000330
975 2000331
976 2000332
977 2000333
1231 2000334
1232 2000335
978 2000336
859 2000120
979 2000338
980 2000339
981 2000340
982 2000341
983 2000342
984 2000343
985 2000344
986 2000345
987 2000346
1286 2000463
988 2000348
860 2000122
990 2000350
991 2000351
1540 2000352
992 2000353
993 2000354
861 2000123
1541 2000356
995 2000357
996 2000358
997 2000359
998 2000360
999 2000361
1542 2000362
1233 2000363
1000 2000364
1001 2000365
1543 2000366
862 2000125
1003 2000368
1004 2000369
1005 2000370
1006 2000371
1007 2000372
1312 2000373
1008 2000374
1009 2000375
1010 2000376
1011 2000377
1012 2000378
1013 2000379
1014 2000380
1015 2000381
1234 2000382
1544 2000383
1016 2000384
1017 2000385
1018 2000386
1545 2000387
1546 2000388
1547 2000389
1019 2000390
1020 2000391
1235 2000392
1021 2000393
1022 2000394
1023 2000395
1024 2000396
864 2000130
1026 2000398
1027 2000399
1548 2000400
1028 2000401
1029 2000402
865 2000131
971 2000325
1032 2000405
1033 2000406
1034 2000407
1035 2000408
437 19993
1140 19994
1141 19995
1036 2000412
438 19997
439 19998
440 19999
1430 1999471
1497 2000183
1554 2000418
795 20003
1281 20004
1040 2000421
1041 2000422
1042 2000423
1043 2000424
796 20009
1236 2000426
1044 2000427
1045 2000428
1046 2000429
1047 2000430
1048 2000431
1237 2000432
1049 2000433
1050 2000434
1238 2000435
1051 2000436
1052 2000437
1053 2000438
1054 2000439
1556 2000440
1055 2000441
1056 2000442
1057 2000443
1058 2000444
872 2000138
1319 2000446
1060 2000447
1061 2000448
1062 2000449
1239 2000450
873 2000139
1240 2000452
1241 2000453
1063 2000454
1064 2000455
1065 2000456
1066 2000457
1067 2000458
1242 2000459
1243 2000460
1068 2000461
1069 2000462
875 2000141
1287 2000464
1070 2000465
1071 2000466
1072 2000467
1557 2000468
1073 2000469
1244 2000470
1245 2000471
1074 2000472
1075 2000473
1558 2000474
1076 2000475
1077 2000476
1078 2000477
1246 2000478
1559 2000479
1079 2000480
876 2000144
1247 2000482
1248 2000483
1249 2000484
1081 2000485
1082 2000486
1083 2000487
1560 2000488
1561 2000489
1250 2000490
1084 2000491
1085 2000492
1562 2000493
1251 2000494
1625 2000495
1086 2000496
1563 2000497
1087 2000498
1088 2000499
1626 2000500
1089 2000501
1564 2000502
1090 2000503
1565 2000504
877 2000148
1633 2000506
1092 2000507
1566 2000508
1059 2000445
1568 2000510
878 2000149
1467 200073
1093 2000513
1571 2000514
1094 2000515
1613 2000516
879 2000150
1096 2000518
1097 2000519
1098 2000520
1099 2000521
1100 2000522
880 2000151
1102 2000524
1320 2000525
1252 2000526
1253 2000527
1254 2000528
1614 2000529
1255 2000530
1256 2000531
1321 2000532
1257 2000533
1572 2000534
1103 2000535
1258 2000536
1573 2000537
1574 2000538
1259 2000539
1288 2000540
1260 2000541
1289 2000542
1261 2000543
1290 2000544
1291 2000545
1575 2000546
1262 2000547
1263 2000548
1264 2000549
1265 2000550
1104 2000551
1615 2000552
1488 2000156
1617 2000554
1105 2000555
1106 2000556
1107 2000557
1108 2000558
1109 2000559
1110 2000560
1111 2000561
1292 2000562
1576 2000563
1112 2000564
1113 2000565
1577 2000566
1114 2000567
1115 2000568
1578 2000569
1618 2000570
1355 1999135
1469 200075
1116 2000573
1117 2000574
1118 2000575
1581 2000576
1119 2000577
1582 2000578
1120 2000579
1121 2000580
1122 2000581
1123 2000582
888 2000161
937 2000258
1583 2000585
1584 2000586
1125 2000587
1294 2000588
1126 2000589
1127 2000590
1128 2000591
1429 1999467
1266 2000593
1129 2000594
1130 2000595
1322 2000596
1313 2000597
1586 2000598
1091 2000505
1619 2000600
1132 2000601
1133 2000602
1267 2000603
1134 2000604
892 2000165
1432 1999483
1490 2000166
1491 2000167
1567 2000509
1492 2000168
1606 2000169
1471 200077
1569 2000511
1147 199978
1570 2000512
1148 199979
1338 199980
1269 199981
1493 2000174
1472 200078
1149 199983
1095 2000517
1150 199984
1295 199942
1339 199985
1340 199986
1494 2000179
1473 200079
1341 199988
1495 2000181
1328 199943
1101 2000523
1496 2000182
1362 1999159
1498 2000184
1204 200080
1499 2000185
1480 200097
850 2000104
1296 199944
1620 199995
1624 2000188
903 2000189
1474 200081
1501 2000190
1152 199999
1144 199945
1464 200070
1330 199961
852 2000106
1209 2000107
1327 199934
1455 200010
1505 2000203
1439 1999521
912 2000204
1477 200084
1333 199965
1506 2000205
913 2000206
1329 199948
914 2000207
1535 2000313
915 2000209
916 2000210
1481 200098
1210 2000109
1616 2000553
1629 2000212
1384 1999291
917 2000213
