1345 2002360
1373 2002478
1370 2002470
1210 200156
1319 2002273
971 2002363
1321 2002287
1270 20023
1099 200228
504 2001100
505 2001101
1213 2001102
1214 2001103
506 2001104
507 2001105
508 2001106
509 2001107
510 2001108
511 2001109
512 2001110
1410 2001111
513 2001112
1176 2001113
514 2001114
1060 2001115
515 2001116
1061 2001117
516 2001118
517 2001119
1215 2001120
518 2001121
519 2001122
520 2001123
521 2001124
522 2001125
523 2001126
524 2001127
525 2001128
1404 2001129
1062 2001130
526 2001131
527 2001132
1177 2001133
1216 2001134
1063 2001135
528 2001136
529 2001137
1428 2001138
530 2001139
531 2001140
1427 2001141
1376 2001143
532 2001144
533 2001145
1217 2001146
1146 2001147
534 2001148
1178 2001149
535 2001150
536 2001151
537 2001152
538 2001153
539 2001154
540 2001155
541 2001156
542 2001157
543 2001158
544 2001159
545 2001160
546 2001161
1377 2001162
1378 2001163
547 2001164
548 2001165
549 2001166
550 2001167
1218 2001168
1219 2001169
551 2001170
552 2001171
1220 2001172
553 2001173
1147 2001174
554 2001175
555 2001176
556 2001177
557 2001178
558 2001179
1420 2001180
559 2001181
560 2001182
561 2001183
562 2001184
563 2001185
564 2001186
565 2001187
566 2001188
567 2001189
568 2001190
569 2001191
1425 2001192
570 2001193
571 2001194
1064 2001195
572 2001196
1221 2001197
1222 2001198
573 2001199
574 2001200
575 2001201
1411 2001202
576 2001203
1065 2001204
577 2001205
1066 2001206
578 2001207
579 2001208
580 2001209
581 2001210
1379 2001211
582 2001212
583 2001213
584 2001214
1148 2001215
1067 2001216
585 2001217
586 2001218
587 2001219
588 2001220
589 2001221
590 2001222
1068 2001223
591 2001224
592 2001225
593 2001226
1069 2001227
594 2001228
1223 2001229
1224 2001230
1149 2001231
1225 2001232
595 2001233
596 2001234
1070 2001235
1380 2001236
1071 2001237
1072 2001238
1226 2001239
597 2001240
598 2001241
599 2001242
600 2001243
601 2001244
1381 2001245
602 2001246
1150 2001247
1417 2001248
1227 2001250
1228 2001251
1418 2001252
1229 2001253
1230 2001254
1231 2001255
1232 2001256
603 2001257
1233 2001258
604 2001259
605 2001260
606 2001261
607 2001262
608 2001263
609 2001264
610 2001265
1382 2001266
611 2001267
612 2001268
613 2001269
614 2001270
615 2001271
1188 2001272
1234 2001273
616 2001274
1189 2001275
617 2001276
618 2001277
619 2001278
1235 2001279
1383 2001280
620 2001281
1236 2001282
621 2001283
1237 2001284
622 2001285
623 2001286
624 2001287
625 2001288
626 2001289
627 2001290
628 2001291
1073 2001292
629 2001293
1074 2001294
630 2001295
1151 2001296
631 2001297
632 2001298
1384 2001299
633 2001300
634 2001301
635 2001302
636 2001303
1152 2001304
1075 2001305
1412 2001307
1413 2001308
1414 2001309
1385 2001310
1386 2001311
637 2001312
1238 2001313
1239 2001314
1240 2001315
1076 2001316
638 2001317
639 2001318
640 2001319
641 2001320
1387 2001321
642 2001322
643 2001323
644 2001324
645 2001325
646 2001326
647 2001327
648 2001328
649 2001329
650 2001330
651 2001331
1388 2001332
1241 2001333
1242 2001334
652 2001335
653 2001336
1243 2001337
654 2001338
655 2001339
656 2001340
657 2001341
658 2001342
659 2001343
660 2001344
661 2001345
662 2001346
663 2001347
664 2001348
1077 2001349
665 2001350
666 2001351
667 2001352
1244 2001353
668 2001354
669 2001355
1245 2001356
1423 2001357
670 2001358
671 2001359
1153 2001360
672 2001361
673 2001362
674 2001363
675 2001364
1389 2001365
676 2001366
677 2001367
678 2001368
679 2001369
680 2001370
681 2001371
682 2001372
683 2001373
684 2001374
685 2001375
686 2001376
687 2001377
688 2001378
1246 2001379
689 2001380
690 2001381
1247 2001382
1248 2001383
691 2001384
692 2001385
1078 2001386
1249 2001387
1079 2001388
693 2001389
694 2001390
695 2001391
1250 2001392
696 2001394
697 2001395
698 2001396
699 2001397
700 2001398
1251 2001399
1252 2001400
701 2001401
1080 2001402
1253 2001403
702 2001404
1154 2001405
1155 2001406
1156 2001407
703 2001408
704 2001409
705 2001410
706 2001411
707 2001412
708 2001413
709 2001414
710 2001415
1254 2001416
711 2001417
1255 2001418
1256 2001419
1081 2001420
712 2001421
1257 2001422
713 2001423
714 2001424
715 2001425
716 2001426
717 2001427
718 2001428
719 2001429
720 2001430
1082 2001431
721 2001432
722 2001433
723 2001434
724 2001435
725 2001436
726 2001437
727 2001438
728 2001439
1190 2001440
729 2001441
730 2001442
731 2001443
732 2001444
733 2001445
734 2001446
735 2001447
736 2001448
737 2001449
1258 2001450
1259 2001451
738 2001452
1260 2001453
1083 2001454
739 2001455
740 2001456
1261 2001457
1084 2001458
965 2002355
1086 2001460
1087 2001461
1179 2001462
1262 2001463
1088 2001464
966 2002356
741 2001466
1090 2001467
1091 2001468
742 2001469
743 2001470
744 2001471
1092 2001472
745 2001473
746 2001474
1390 2001475
747 2001476
748 2001477
1263 2001478
1264 2001479
1157 2001480
749 2001481
750 2001482
1050 200119
751 2001484
1266 2001485
752 2001486
753 2001487
754 2001488
755 2001489
756 2001490
757 2001491
758 2001492
1267 2001493
1093 2001494
969 2002361
1268 2001496
759 2001497
1095 2001498
1096 2001499
760 2001500
761 2001501
762 2001502
763 2001503
764 2001504
765 2001505
766 2001506
767 2001507
768 2001508
1269 2001509
1051 200124
973 2002365
1275 200243
974 2002366
1145 200127
1399 2002368
976 2002369
1094 2001495
1202 200130
978 2002371
979 2002372
1346 2002373
1347 2002374
1348 2002375
1349 2002376
980 2002377
1350 2002378
1265 2001483
981 2002379
1138 2002380
1400 2002381
1401 2002382
1374 200143
1206 200144
984 2002385
985 2002386
986 2002387
1207 200148
988 2002389
1208 200150
1182 200248
990 2002391
991 2002392
992 2002393
993 2002394
1209 200155
1042 2002475
1351 2002397
1053 200158
1054 200159
998 2002400
1402 2002401
999 2002402
1000 2002403
1001 2002404
1002 2002405
1003 2002406
1004 2002407
1352 2002408
1005 2002409
1300 2002185
1353 2002410
1183 200252
1171 2002411
1056 200172
1007 2002413
1354 2002414
1187 2002415
1049 20012
1355 2002416
1008 2002417
1211 200178
1356 2002419
1212 200180
1193 20013
1357 2002421
1403 2002422
1358 2002423
1409 200184
1012 2002425
1013 2002426
1014 2002427
1058 200188
1359 2002429
1272 20026
1360 2002430
1144 20015
1367 2002462
1016 2002431
1017 2002432
1361 2002433
1018 2002434
1375 200195
1194 20016
1368 2002463
1020 2002436
1362 2002437
1021 2002438
1022 2002439
1301 2002191
1195 20017
1369 2002464
1201 200122
1196 20018
1141 2002466
1031 2002450
1197 20019
1098 200211
1033 2002452
1140 2002453
1034 2002454
1035 2002455
1036 2002456
1037 2002457
1158 200218
1391 200219
1421 200220
1286 2002119
1160 200231
1366 2002461
829 2002100
830 2002101
1282 2002102
831 2002103
832 2002104
833 2002105
834 2002106
1283 2002107
835 2002108
836 2002109
1419 2002110
1284 2002111
837 2002112
838 2002113
1415 2002114
839 2002115
840 2002116
841 2002117
1285 2002118
1172 2002465
842 2002120
1287 2002121
843 2002122
844 2002123
845 2002124
846 2002125
847 2002126
848 2002127
849 2002128
1104 2002129
1288 2002130
1142 2002467
1290 2002132
850 2002133
851 2002134
1291 2002135
1292 2002136
852 2002137
853 2002138
854 2002139
855 2002140
856 2002141
1293 2002142
857 2002143
858 2002144
859 2002145
1294 2002146
860 2002147
1164 2002148
1105 2002149
1106 2002150
861 2002151
862 2002152
863 2002153
864 2002154
865 2002155
866 2002156
867 2002157
1295 2002158
868 2002159
869 2002160
870 2002161
1296 2002162
1165 2002163
1166 2002164
1107 2002165
1108 2002166
1297 2002167
1109 2002168
1298 2002169
1110 2002170
1111 2002171
1112 2002172
871 2002173
872 2002174
873 2002175
874 2002176
875 2002177
876 2002178
877 2002179
1299 2002180
878 2002181
879 2002182
880 2002183
881 2002184
1043 2002476
882 2002186
883 2002187
1191 2002188
884 2002189
885 2002190
1044 2002477
886 2002192
887 2002193
888 2002194
889 2002195
1302 2002196
791 200238
1304 2002198
890 2002199
891 2002200
1113 2002201
1305 2002202
1045 2002479
892 2002204
1173 2002474
1114 2002206
1115 2002207
893 2002208
894 2002209
895 2002210
1308 2002211
1392 2002212
1271 20025
1289 2002131
1180 200241
1310 2002216
896 2002217
897 2002218
898 2002219
899 2002220
900 2002221
1167 2002222
901 2002223
902 2002224
1311 2002225
903 2002226
904 2002227
905 2002228
1312 2002229
906 2002230
1405 2002231
907 2002232
1181 200244
908 2002234
909 2002235
1313 2002236
910 2002237
911 2002238
912 2002239
913 2002240
1407 2002241
914 2002242
915 2002243
1395 2002244
916 2002245
1314 2002246
1315 2002247
917 2002248
918 2002249
919 2002250
1192 2002251
920 2002252
921 2002253
922 2002254
1168 2002255
923 2002256
1116 2002257
1316 2002258
1317 2002259
1117 2002260
924 2002261
1118 2002262
925 2002263
926 2002264
927 2002265
1408 2002266
1416 2002267
928 2002268
929 2002269
1318 2002270
930 2002271
931 2002272
1273 20027
932 2002274
933 2002275
934 2002276
935 2002277
936 2002278
937 2002279
938 2002280
939 2002281
940 2002282
1119 2002283
941 2002284
942 2002285
1320 2002286
797 200253
943 2002288
1322 2002289
944 2002290
1323 2002291
945 2002292
1324 2002293
946 2002294
947 2002295
1325 2002296
1396 2002297
948 2002298
1326 2002299
1327 2002300
1397 2002301
1398 2002302
1328 2002303
1329 2002304
949 2002305
950 2002306
951 2002307
1120 2002308
1121 2002309
1122 2002310
1123 2002311
1124 2002312
1330 2002313
1169 2002314
1125 2002315
1126 2002316
1127 2002317
1128 2002318
1129 2002319
1170 2002320
1331 2002321
1130 2002322
1131 2002323
1132 2002324
1133 2002325
1332 2002326
1134 2002327
1135 2002328
1136 2002329
1333 2002330
952 2002331
1334 2002332
1335 2002333
953 2002334
954 2002335
1137 2002336
1336 2002337
1337 2002338
955 2002339
956 2002340
957 2002341
958 2002342
959 2002343
960 2002344
961 2002345
962 2002346
963 2002347
1338 2002348
964 2002349
1198 200110
1199 200111
443 200112
444 200113
445 200114
446 200115
447 200116
448 200117
449 200118
968 2002359
1200 200120
450 200121
970 2002362
451 200123
972 2002364
452 200125
453 200126
975 2002367
454 200128
455 200129
977 2002370
456 200131
457 200132
458 200133
459 200134
1052 200135
460 200136
461 200137
1203 200138
462 200139
463 200140
1204 200141
1205 200142
982 2002383
983 2002384
464 200145
465 200146
466 200147
987 2002388
467 200149
989 2002390
468 200151
469 200152
470 200153
471 200154
994 2002395
995 2002396
472 200157
996 2002398
997 2002399
473 200160
474 200161
475 200162
476 200163
477 200164
478 200165
479 200166
480 200167
481 200168
482 200169
483 200170
1055 200171
1006 2002412
484 200173
485 200174
486 200175
487 200176
488 200177
1009 2002418
489 200179
1010 2002420
490 200181
1057 200182
491 200183
1011 2002424
492 200185
493 200186
494 200187
1015 2002428
1059 200189
495 200190
496 200191
497 200192
498 200193
499 200194
1019 2002435
500 200196
501 200197
502 200198
503 200199
1023 2002440
1024 2002441
1139 2002442
1025 2002443
1026 2002444
1363 2002445
1027 2002446
1028 2002447
1029 2002448
1030 2002449
771 200210
1032 2002451
772 200212
773 200213
774 200214
775 200215
776 200216
777 200217
1038 2002458
1364 2002459
1365 2002460
778 200221
779 200222
780 200223
781 200224
782 200225
783 200226
784 200227
1039 2002468
785 200229
1159 200230
1041 2002471
1161 200232
786 200233
787 200234
788 200235
789 200236
790 200237
442 20014
792 200239
793 200240
1047 2002481
1048 2002482
1143 2002483
1174 2002484
1100 200245
1424 200246
794 200247
1097 20024
795 200249
796 200250
1162 200251
769 20028
770 20029
1184 200254
1101 200255
1422 200256
1185 200257
798 200258
799 200259
800 200260
801 200261
802 200262
1276 200263
1277 200264
803 200265
804 200266
805 200267
806 200268
807 200269
808 200270
809 200271
810 200272
811 200273
1278 200274
1279 200275
1280 200276
1163 200277
812 200278
813 200279
814 200280
1281 200281
1102 200282
1103 200283
1186 200284
815 200285
816 200286
817 200287
818 200288
819 200289
820 200290
1426 200291
821 200292
822 200293
823 200294
824 200295
825 200296
826 200297
827 200298
828 200299
1303 2002197
1372 2002473
1306 2002203
1175 2002485
1307 2002205
1046 2002480
1339 2002350
1309 2002213
1393 2002214
1394 2002215
1340 2002351
1274 200242
1089 2001465
1341 2002352
1342 2002353
1085 2001459
1371 2002472
1343 2002354
1406 2002233
1040 2002469
1344 2002357
967 2002358
