1328 20033
492 2003100
1354 2003101
1217 2003102
1355 2003103
1356 2003104
493 2003105
494 2003106
495 2003107
1357 2003108
496 2003109
497 2003110
498 2003111
499 2003112
500 2003114
1358 2003115
1359 2003116
1360 2003117
501 2003118
502 2003119
1361 2003120
1362 2003121
1363 2003122
1364 2003123
503 2003124
504 2003125
505 2003126
1365 2003127
1366 2003128
1636 2003129
1367 2003130
506 2003131
507 2003132
508 2003133
1368 2003134
1218 2003135
509 2003136
510 2003137
511 2003138
512 2003139
513 2003140
1369 2003141
1370 2003142
1371 2003143
514 2003144
515 2003145
516 2003146
1219 2003147
1220 2003148
1221 2003149
517 2003150
518 2003151
519 2003152
520 2003153
1372 2003154
521 2003155
522 2003156
523 2003157
524 2003158
1283 2003159
525 2003160
1373 2003161
1374 2003162
1375 2003163
1376 2003164
526 2003165
527 2003166
528 2003167
1222 2003168
529 2003169
1223 2003170
1224 2003171
1377 2003172
1378 2003173
530 2003174
531 2003175
1379 2003176
1380 2003177
532 2003178
533 2003179
534 2003180
535 2003181
536 2003182
537 2003183
538 2003184
539 2003185
1381 2003186
1382 2003187
540 2003188
541 2003189
542 2003190
543 2003191
544 2003192
545 2003193
1383 2003194
1384 2003195
1385 2003196
546 2003197
547 2003198
548 2003199
549 2003200
1386 2003201
550 2003202
551 2003203
552 2003204
553 2003205
554 2003206
1387 2003207
1388 2003208
555 2003209
556 2003210
1389 2003211
1390 2003212
557 2003213
1391 2003214
558 2003215
559 2003216
1392 2003217
560 2003218
561 2003219
1284 2003220
1225 2003221
1226 2003222
1227 2003223
562 2003224
1393 2003225
1228 2003226
1394 2003227
1395 2003228
1229 2003229
1230 2003230
1396 2003231
563 2003232
564 2003233
565 2003234
1397 2003235
566 2003236
567 2003237
568 2003238
569 2003239
570 2003240
571 2003241
572 2003242
573 2003243
574 2003244
575 2003245
576 2003246
577 2003247
578 2003248
1398 2003249
1399 2003250
1400 2003251
1401 2003252
579 2003253
580 2003254
1285 2003255
1402 2003256
581 2003258
582 2003259
583 2003260
1403 2003261
584 2003262
1404 2003263
585 2003264
586 2003265
1405 2003266
1406 2003267
587 2003268
588 2003269
589 2003270
1407 2003271
590 2003272
591 2003273
592 2003274
593 2003275
594 2003276
595 2003277
596 2003278
597 2003279
598 2003280
599 2003281
600 2003282
1408 2003283
1409 2003284
601 2003285
602 2003286
1652 2003287
603 2003288
604 2003289
605 2003290
606 2003291
1410 2003292
607 2003293
1411 2003294
1631 2003295
1637 2003296
1412 2003297
608 2003298
1413 2003299
609 2003300
610 2003301
1286 2003302
611 2003303
1414 2003304
1415 2003305
1231 2003306
1232 2003307
1287 2003308
612 2003309
613 2003310
1641 2003311
1416 2003312
1288 2003313
614 2003314
1417 2003315
615 2003316
616 2003317
617 2003318
618 2003319
619 2003320
620 2003321
1418 2003322
1419 2003323
1233 2003324
621 2003325
1234 2003326
622 2003327
1642 2003328
623 2003329
624 2003330
625 2003331
1420 2003332
626 2003333
627 2003334
1421 2003335
628 2003336
629 2003337
1422 2003338
630 2003339
631 2003340
632 2003341
1423 2003342
633 2003343
634 2003344
635 2003345
1424 2003346
636 2003347
1425 2003348
1426 2003349
1632 2003350
1427 2003351
1428 2003352
637 2003353
1429 2003354
638 2003355
639 2003356
1430 2003357
640 2003358
641 2003359
1235 2003360
642 2003361
643 2003362
644 2003363
645 2003364
646 2003365
1431 2003366
647 2003367
648 2003368
649 2003369
1323 2003370
650 2003371
1432 2003372
1633 2003373
651 2003374
1433 2003375
1434 2003376
1634 2003377
652 2003378
653 2003379
1435 2003380
654 2003381
655 2003382
656 2003383
657 2003384
1436 2003385
658 2003386
659 2003387
660 2003388
1437 2003389
661 2003390
662 2003391
1438 2003392
663 2003393
1439 2003394
664 2003395
1236 2003396
1237 2003397
665 2003398
666 2003399
1440 2003400
667 2003401
668 2003402
669 2003403
670 2003404
671 2003405
672 2003406
1441 2003407
1442 2003408
1324 2003409
1325 2003410
673 2003411
674 2003412
675 2003413
1443 2003414
676 2003415
677 2003416
1444 2003417
678 2003418
679 2003419
1289 2003420
1290 2003421
1445 2003422
680 2003423
1238 2003424
1446 2003425
1643 2003426
1447 2003427
1291 2003428
681 2003429
682 2003430
1292 2003431
683 2003432
684 2003433
685 2003434
686 2003435
1448 2003436
1449 2003437
687 2003438
688 2003439
689 2003440
690 2003441
1239 2003442
691 2003443
1450 2003444
692 2003445
1451 2003446
693 2003447
694 2003448
695 2003449
696 2003450
697 2003451
698 2003452
699 2003453
700 2003454
701 2003455
702 2003456
703 2003457
704 2003458
705 2003459
706 2003460
707 2003461
1293 2003462
708 2003463
709 2003464
710 2003465
711 2003466
1240 2003467
712 2003468
713 2003469
714 2003470
715 2003471
716 2003472
717 2003473
718 2003474
719 2003475
720 2003476
721 2003477
722 2003478
723 2003479
724 2003480
1452 2003481
725 2003482
726 2003483
727 2003484
1453 2003485
728 2003486
729 2003487
730 2003488
731 2003489
732 2003490
733 2003491
734 2003492
735 2003493
736 2003494
737 2003495
1454 2003496
738 2003497
739 2003498
740 2003499
741 2003500
742 2003501
743 2003502
744 2003503
745 2003504
746 2003505
747 2003506
748 2003507
749 2003508
750 2003509
751 2003510
752 2003511
1455 2003512
753 2003513
1456 2003514
754 2003515
1457 2003516
1241 2003517
1242 2003518
1243 2003519
1458 2003520
755 2003521
756 2003522
757 2003523
758 2003524
1459 2003525
759 2003526
760 2003527
761 2003528
1460 2003529
762 2003530
763 2003531
764 2003532
765 2003533
766 2003534
767 2003535
768 2003536
1294 2003537
769 2003538
770 2003539
771 2003540
772 2003541
1461 2003542
1462 2003543
773 2003544
774 2003545
775 2003546
776 2003547
777 2003548
1463 2003549
778 2003550
779 2003551
1464 2003552
780 2003553
1465 2003554
781 2003555
782 2003556
783 2003557
784 2003558
785 2003559
1466 2003560
786 2003561
787 2003562
788 2003563
789 2003564
790 2003565
791 2003566
792 2003567
793 2003568
1467 2003569
1295 2003570
794 2003571
795 2003572
796 2003573
797 2003574
798 2003575
799 2003576
800 2003577
801 2003578
802 2003579
1468 2003580
803 2003581
804 2003582
805 2003583
806 2003584
807 2003585
808 2003586
1296 2003587
809 2003588
1469 2003589
1470 2003590
810 2003591
1471 2003592
811 2003593
812 2003594
813 2003595
814 2003596
815 2003597
816 2003598
817 2003599
818 2003600
819 2003601
1472 2003602
820 2003603
821 2003604
822 2003605
823 2003606
824 2003607
825 2003608
826 2003609
827 2003610
828 2003611
1473 2003612
829 2003613
1244 2003614
830 2003615
831 2003616
832 2003617
833 2003618
834 2003619
1474 2003620
835 2003621
836 2003622
1475 2003623
837 2003624
1476 2003625
1477 2003626
1478 2003627
838 2003628
839 2003629
1479 2003630
1480 2003631
840 2003632
841 2003633
1481 2003634
842 2003635
1482 2003636
843 2003637
1483 2003638
1484 2003639
1485 2003640
1486 2003641
1487 2003642
1488 2003643
844 2003644
845 2003645
846 2003646
847 2003647
848 2003648
849 2003649
1245 2003650
850 2003651
851 2003652
852 2003653
853 2003654
854 2003655
1638 2003656
1489 2003657
855 2003658
856 2003659
1490 2003660
1491 2003661
857 2003662
858 2003663
1492 2003664
1493 2003665
1246 2003666
1247 2003667
859 2003668
1297 2003669
1248 2003670
1494 2003671
1249 2003672
1250 2003673
860 2003674
861 2003675
862 2003676
863 2003677
1495 2003678
923 2004100
1521 2004101
924 2004102
925 2004103
1522 2004104
1523 2004105
1524 2004106
1525 2004107
926 2004108
1526 2004109
927 2004110
1527 2004111
928 2004112
929 2004113
930 2004114
931 2004115
932 2004116
933 2004117
934 2004118
935 2004119
936 2004120
937 2004121
1528 2004122
938 2004123
939 2004124
940 2004125
941 2004126
942 2004127
943 2004128
1529 2004129
1530 2004130
1531 2004131
944 2004132
1532 2004133
945 2004134
1654 2004135
1533 2004136
946 2004137
947 2004138
948 2004139
949 2004140
950 2004141
1534 2004142
951 2004143
952 2004144
953 2004145
954 2004146
955 2004147
956 2004148
957 2004149
1251 2004150
1252 2004151
1535 2004152
1253 2004153
1536 2004154
1537 2004155
1538 2004156
1539 2004157
958 2004158
959 2004159
1540 2004160
1541 2004161
1542 2004162
1543 2004163
960 2004164
1544 2004165
1545 2004166
961 2004167
1546 2004168
962 2004169
963 2004170
964 2004171
965 2004172
966 2004173
967 2004174
1547 2004175
1548 2004176
1549 2004177
968 2004178
1310 2004179
969 2004180
970 2004181
971 2004182
972 2004183
973 2004184
974 2004185
975 2004186
976 2004187
977 2004188
978 2004189
979 2004190
980 2004191
1550 2004192
981 2004193
982 2004194
1254 2004195
983 2004196
984 2004197
985 2004198
986 2004199
987 2004200
1551 2004201
988 2004202
1552 2004203
989 2004204
990 2004205
991 2004206
992 2004207
993 2004208
1553 2004209
1554 2004210
994 2004211
995 2004212
996 2004213
997 2004214
998 2004215
999 2004216
1555 2004217
1000 2004218
1001 2004219
1002 2004220
1003 2004221
1556 2004222
1004 2004223
1005 2004224
1006 2004225
1007 2004226
1008 2004227
1557 2004228
1558 2004229
1009 2004230
1559 2004231
1560 2004232
1561 2004233
1562 2004234
1563 2004235
1564 2004236
1565 2004237
1566 2004238
1567 2004239
1568 2004240
1010 2004241
1569 2004242
1570 2004243
1011 2004244
1571 2004245
1012 2004246
1013 2004247
1572 2004248
1014 2004249
1255 2004250
1015 2004251
1639 2004252
1016 2004253
1017 2004254
1018 2004255
1019 2004256
1020 2004257
1021 2004258
1256 2004259
1655 2004260
1022 2004261
1573 2004262
1257 2004263
1574 2004264
1575 2004265
1576 2004266
1023 2004267
1024 2004268
1025 2004269
1577 2004270
1578 2004271
1579 2004272
1645 2004273
1646 2004274
1026 2004275
1027 2004276
1311 2004277
1580 2004278
1312 2004279
1028 2004280
1581 2004281
1582 2004282
1583 2004283
1326 2004284
1258 2004285
1029 2004286
1030 2004287
1031 2004288
1032 2004289
1259 2004290
1033 2004291
1647 2004292
1260 2004293
1261 2004294
1034 2004295
1035 2004296
1036 2004297
1037 2004298
1584 2004299
1648 2004300
1038 2004301
1039 2004302
1040 2004303
1041 2004304
1042 2004305
1313 2004306
1043 2004307
1585 2004308
1044 2004309
1045 2004310
1046 2004311
1047 2004312
1048 2004313
1262 2004314
1586 2004315
1263 2004316
1264 2004317
1587 2004318
1588 2004319
1049 2004320
1589 2004321
1050 2004322
1051 2004323
1052 2004324
1053 2004325
1054 2004326
1055 2004327
1056 2004328
1057 2004329
1265 2004330
1058 2004331
1059 2004332
1590 2004333
1060 2004334
1061 2004335
1062 2004336
1591 2004337
1592 2004338
1063 2004339
1064 2004340
1065 2004341
1066 2004342
1067 2004343
1068 2004344
1069 2004345
1070 2004346
1071 2004347
1593 2004348
1072 2004349
1073 2004350
1594 2004351
1074 2004352
1075 2004353
1076 2004354
1077 2004355
1078 2004356
1079 2004357
1080 2004358
1081 2004359
1082 2004360
1083 2004361
1084 2004362
1595 2004363
1085 2004364
1086 2004365
1087 2004366
1649 2004367
1088 2004368
1089 2004369
1596 2004370
1090 2004371
1091 2004372
1092 2004373
1093 2004374
1597 2004375
1094 2004376
1095 2004377
1650 2004378
1598 2004379
1096 2004380
1097 2004381
1098 2004382
1099 2004383
1100 2004384
1599 2004385
1600 2004386
1101 2004387
1102 2004388
1103 2004389
1104 2004390
1105 2004391
1601 2004392
1106 2004393
1107 2004394
1108 2004395
1109 2004396
1651 2004397
1110 2004398
1266 2004399
1267 2004400
1268 2004401
1111 2004402
1269 2004403
1270 2004404
1112 2004405
1113 2004406
1114 2004407
1115 2004408
1116 2004409
1602 2004410
1117 2004411
1603 2004412
1118 2004413
1604 2004414
1605 2004415
1271 2004416
1119 2004417
1120 2004418
1121 2004419
1122 2004420
1606 2004421
1123 2004422
1124 2004423
1125 2004424
1272 2004425
1273 2004426
1274 2004427
1275 2004428
1607 2004429
1276 2004430
1277 2004431
1278 2004432
1279 2004433
1280 2004434
1126 2004435
1608 2004436
1609 2004437
1610 2004438
1314 2004439
1327 2004440
1315 2004441
1316 2004442
1127 2004443
1128 2004444
1611 2004445
1129 2004446
1130 2004447
1612 2004448
1131 2004449
1132 2004450
1133 2004451
1134 2004452
1135 2004453
1613 2004454
1136 2004455
1137 2004456
1138 2004457
1139 2004458
1140 2004459
1141 2004460
1142 2004461
1143 2004462
1144 2004463
1145 2004464
1614 2004465
1146 2004466
1147 2004467
1615 2004468
1148 2004469
1149 2004470
1150 2004471
1151 2004472
1152 2004473
1616 2004474
1153 2004475
1617 2004476
1618 2004477
1154 2004478
1155 2004479
1156 2004480
1157 2004481
1281 2004482
1158 2004483
1159 2004484
1619 2004485
1160 2004486
1620 2004487
1161 2004488
1621 2004489
1162 2004490
1622 2004491
1623 2004492
1163 2004493
1164 2004494
1165 2004495
1166 2004496
1167 2004497
1168 2004498
1169 2004499
1170 2004500
1171 2004501
1317 2004502
1172 2004503
1653 2004504
1624 2004505
1625 2004506
1626 2004507
1173 2004508
1174 2004509
1175 2004510
1176 2004511
1177 2004512
1318 2004513
1178 2004514
1179 2004515
1180 2004516
1181 2004517
1182 2004518
1183 2004519
1184 2004520
1185 2004521
1186 2004522
1187 2004523
1319 2004524
1188 2004525
1189 2004526
1190 2004527
1191 2004528
1627 2004529
1192 2004530
1193 2004531
1194 2004532
1195 2004533
1196 2004534
1320 2004535
1628 2004536
1197 2004537
1629 2004538
1198 2004539
1321 2004540
1322 2004541
1199 2004542
1200 2004543
1630 2004544
1201 2004545
439 20034
440 20035
441 20036
1329 20037
1635 20038
1202 20039
1496 20043
864 20044
865 20045
866 20046
867 20047
868 20048
1497 20049
442 200310
443 200311
444 200312
1203 200313
445 200314
1204 200315
1205 200316
1206 200317
1207 200318
1208 200319
446 200320
447 200321
448 200322
449 200323
1330 200324
450 200325
451 200326
452 200327
453 200328
454 200329
455 200330
456 200331
457 200332
458 200333
459 200334
460 200335
1209 200336
1331 200337
1332 200338
1210 200339
461 200340
1333 200341
462 200342
463 200343
464 200344
465 200345
1334 200346
1211 200347
1335 200348
1336 200349
466 200350
467 200351
468 200352
1337 200353
469 200354
470 200355
471 200356
1338 200357
1339 200358
472 200359
1340 200360
1341 200361
1640 200362
1342 200363
1343 200364
1344 200365
1345 200366
473 200367
474 200368
1212 200369
475 200370
476 200371
477 200372
478 200373
479 200374
480 200375
481 200376
482 200377
483 200378
484 200379
485 200380
1346 200381
1347 200382
486 200383
487 200384
488 200385
1348 200386
489 200387
1282 200388
1349 200389
1350 200390
1213 200391
1351 200392
490 200393
1352 200394
1214 200395
1215 200396
1216 200397
1353 200398
491 200399
1498 200410
1644 200411
1499 200412
869 200413
1298 200414
1500 200415
1501 200416
1502 200417
870 200418
871 200419
1503 200420
872 200421
1299 200422
873 200423
874 200424
875 200425
876 200426
877 200427
878 200428
879 200429
880 200430
881 200431
1504 200432
1505 200433
882 200434
883 200435
884 200436
885 200437
886 200438
887 200439
888 200440
889 200441
890 200442
891 200443
892 200444
893 200445
1300 200446
1301 200447
1302 200448
1303 200449
1506 200450
894 200451
895 200452
896 200453
897 200454
1507 200455
898 200456
899 200457
900 200458
901 200459
902 200460
903 200461
1304 200462
1305 200463
1306 200464
1508 200465
1509 200466
1510 200467
1511 200468
904 200469
905 200470
906 200471
907 200472
1512 200473
908 200474
909 200475
1513 200476
910 200477
911 200478
912 200479
913 200480
914 200481
915 200482
916 200483
917 200484
1514 200485
918 200486
919 200487
1307 200488
1308 200489
1309 200490
920 200491
1515 200492
1516 200493
1517 200494
1518 200495
1519 200496
1520 200497
921 200498
922 200499
