490 2005100
491 2005101
1226 2005102
1282 2005103
1283 2005104
1284 2005105
1631 2005106
492 2005107
1285 2005108
493 2005109
1632 2005110
494 2005111
495 2005112
496 2005114
497 2005115
498 2005116
499 2005117
1591 2005118
500 2005119
501 2005120
502 2005121
503 2005122
504 2005123
505 2005124
506 2005125
507 2005126
508 2005127
1286 2005128
1287 2005129
1288 2005130
509 2005131
510 2005132
511 2005133
512 2005134
513 2005135
514 2005136
1117 2005137
515 2005138
516 2005139
1289 2005140
517 2005141
518 2005142
519 2005143
520 2005144
1118 2005145
1119 2005146
1290 2005147
521 2005148
522 2005149
523 2005150
524 2005151
1227 2005152
1120 2005153
1633 2005154
1291 2005155
525 2005156
1121 2005157
526 2005158
1292 2005159
527 2005160
528 2005161
1293 2005162
529 2005163
1228 2005164
530 2005165
1249 2005166
531 2005167
1294 2005168
532 2005169
1250 2005170
1122 2005171
1123 2005172
1295 2005173
1124 2005174
533 2005175
534 2005176
1296 2005177
535 2005178
1644 2005179
536 2005180
1297 2005181
537 2005182
1298 2005183
1299 2005184
538 2005185
539 2005186
540 2005187
1300 2005188
541 2005189
1301 2005190
1302 2005191
542 2005192
543 2005193
544 2005194
1303 2005195
1229 2005196
1125 2005197
1304 2005198
1126 2005199
1305 2005200
1306 2005201
545 2005202
1307 2005203
1127 2005204
1308 2005205
1128 2005206
1129 2005207
1130 2005208
1131 2005209
1230 2005210
1309 2005211
546 2005212
547 2005213
548 2005214
549 2005215
550 2005216
551 2005217
1310 2005218
1311 2005219
552 2005220
1312 2005221
1313 2005222
553 2005223
1314 2005224
554 2005225
555 2005226
1315 2005227
556 2005228
557 2005229
1316 2005230
558 2005231
559 2005232
1317 2005233
1592 2005234
560 2005235
1318 2005236
561 2005237
562 2005238
563 2005239
1634 2005240
564 2005241
1593 2005242
565 2005243
1594 2005244
566 2005245
567 2005246
568 2005247
569 2005248
1231 2005249
1232 2005250
1233 2005251
570 2005252
1319 2005253
1320 2005254
571 2005255
1321 2005256
572 2005257
573 2005258
1234 2005259
574 2005260
575 2005261
1322 2005262
1323 2005263
576 2005264
577 2005265
1648 2005266
578 2005267
579 2005268
1324 2005269
580 2005270
1325 2005271
581 2005272
582 2005273
583 2005274
584 2005275
1132 2005276
1133 2005277
1134 2005278
585 2005279
586 2005280
1326 2005281
587 2005282
1327 2005283
588 2005284
589 2005285
590 2005286
591 2005287
592 2005288
593 2005289
1328 2005290
594 2005291
595 2005292
596 2005293
597 2005294
1135 2005295
1136 2005296
1329 2005297
1330 2005298
1331 2005299
1137 2005300
1332 2005301
598 2005302
1333 2005303
1334 2005304
1335 2005305
599 2005306
600 2005307
601 2005308
1138 2005309
1139 2005310
602 2005311
603 2005312
1235 2005313
1140 2005314
1141 2005315
1142 2005316
1336 2005317
1337 2005318
1338 2005319
604 2005320
605 2005321
606 2005322
1339 2005323
607 2005324
608 2005325
1143 2005326
609 2005327
1340 2005328
610 2005329
611 2005330
1341 2005331
1342 2005332
612 2005333
613 2005334
1343 2005335
1144 2005336
614 2005337
1344 2005338
1345 2005339
615 2005340
616 2005341
617 2005342
618 2005343
1145 2005344
619 2005345
620 2005346
1146 2005347
621 2005348
622 2005349
623 2005350
624 2005351
1346 2005352
625 2005353
626 2005354
1147 2005355
1148 2005356
1149 2005357
1347 2005358
627 2005359
1348 2005360
628 2005361
629 2005362
630 2005363
631 2005364
1349 2005365
632 2005366
1350 2005367
1595 2005368
633 2005369
634 2005370
635 2005371
1351 2005372
1352 2005373
636 2005374
637 2005375
638 2005376
639 2005377
640 2005378
641 2005379
642 2005380
1353 2005381
1354 2005382
1355 2005383
1356 2005384
643 2005385
1357 2005386
644 2005387
645 2005388
646 2005389
1358 2005390
647 2005391
648 2005392
649 2005393
650 2005394
651 2005395
652 2005396
653 2005397
654 2005398
655 2005399
1359 2005400
1360 2005401
656 2005402
657 2005403
658 2005404
659 2005405
660 2005406
661 2005407
662 2005408
663 2005409
664 2005410
665 2005411
666 2005412
667 2005413
668 2005414
1361 2005415
1362 2005416
669 2005417
670 2005418
1363 2005419
1150 2005420
1151 2005421
1364 2005422
671 2005423
1365 2005424
672 2005425
673 2005426
674 2005427
675 2005428
676 2005429
677 2005430
1366 2005431
1251 2005432
678 2005433
679 2005434
680 2005435
681 2005436
1367 2005437
1596 2005438
1597 2005439
682 2005440
683 2005441
684 2005442
685 2005443
686 2005444
1368 2005445
687 2005446
688 2005447
689 2005448
690 2005449
1369 2005450
691 2005451
692 2005452
693 2005453
1370 2005454
694 2005455
695 2005456
696 2005457
697 2005458
698 2005459
699 2005460
1371 2005461
700 2005462
701 2005463
1372 2005464
702 2005465
703 2005466
704 2005467
1373 2005468
705 2005469
706 2005470
1236 2005471
1152 2005472
1153 2005473
1374 2005474
707 2005475
708 2005476
709 2005477
710 2005478
1154 2005479
711 2005480
712 2005481
713 2005482
714 2005483
715 2005484
1375 2005485
716 2005486
1155 2005487
1156 2005488
1157 2005489
1376 2005490
717 2005491
718 2005492
1377 2005493
1645 2005494
1378 2005495
1379 2005496
1380 2005497
719 2005498
720 2005499
721 2005500
722 2005501
723 2005502
724 2005503
725 2005504
726 2005505
1381 2005506
727 2005507
728 2005508
729 2005509
1158 2005510
1159 2005511
1382 2005512
1383 2005513
730 2005514
731 2005515
1384 2005516
732 2005517
733 2005518
1647 2005519
1629 2005520
1252 2005521
734 2005522
735 2005523
1385 2005524
1160 2005525
1161 2005526
1162 2005527
1386 2005528
1163 2005529
1164 2005530
1165 2005531
736 2005532
737 2005533
738 2005534
1387 2005535
739 2005536
740 2005537
741 2005538
1166 2005539
742 2005540
743 2005541
744 2005542
745 2005543
746 2005544
1388 2005545
1598 2005546
747 2005547
748 2005548
749 2005549
750 2005550
751 2005551
752 2005552
1389 2005553
753 2005554
1390 2005555
754 2005556
1391 2005557
1392 2005558
1393 2005559
1394 2005560
755 2005561
756 2005563
757 2005564
1395 2005565
1396 2005566
1649 2005567
1167 2005568
758 2005569
1168 2005570
1169 2005571
759 2005572
760 2005573
761 2005574
1397 2005575
1398 2005576
762 2005577
763 2005578
764 2005579
1399 2005580
765 2005581
1400 2005582
1401 2005583
1170 2005584
1171 2005585
1172 2005586
766 2005587
1402 2005588
1403 2005589
767 2005590
768 2005591
769 2005592
1630 2005593
770 2005594
1404 2005595
771 2005596
1173 2005597
1405 2005598
772 2005599
773 2005600
774 2005601
775 2005602
1406 2005603
1237 2005604
776 2005605
777 2005606
1407 2005607
1408 2005608
1409 2005609
778 2005610
1410 2005611
779 2005612
780 2005613
781 2005614
782 2005615
783 2005616
1411 2005617
784 2005618
1599 2005619
1412 2005620
1413 2005621
1174 2005622
1414 2005623
1175 2005624
785 2005625
1415 2005626
786 2005627
1416 2005628
787 2005629
788 2005630
1417 2005631
789 2005632
790 2005633
791 2005634
1176 2005635
1418 2005636
792 2005637
1177 2005638
1419 2005639
793 2005640
1420 2005641
1421 2005642
794 2005643
795 2005644
796 2005645
797 2005646
798 2005647
799 2005648
1422 2005649
1423 2005650
1178 2005651
800 2005652
801 2005653
802 2005654
1424 2005655
803 2005656
804 2005657
805 2005658
806 2005659
1425 2005660
807 2005661
1179 2005662
1426 2005663
808 2005664
809 2005665
810 2005666
811 2005667
812 2005668
813 2005669
814 2005670
815 2005671
816 2005672
1651 ]
1192 2006100
1457 2006101
868 2006102
1603 2006103
1458 2006104
1604 2006105
1193 2006106
1459 2006107
1460 2006108
1239 2006109
1194 2006110
869 2006111
870 2006112
1461 2006113
1462 2006114
871 2006115
1240 2006116
872 2006117
1463 2006118
1635 2006119
1646 2006120
873 2006121
1464 2006122
874 2006123
1465 2006124
1466 2006125
1467 2006126
875 2006127
876 2006128
877 2006129
878 2006130
879 2006131
880 2006132
881 2006133
882 2006134
883 2006135
884 2006136
885 2006137
886 2006138
1468 2006139
1469 2006140
887 2006141
1470 2006142
888 2006143
1605 2006144
1606 2006145
889 2006146
890 2006147
891 2006148
892 2006149
1607 2006150
893 2006151
894 2006152
1471 2006153
1241 2006154
1472 2006155
895 2006156
1195 2006157
896 2006158
897 2006159
898 2006160
899 2006161
900 2006162
901 2006163
1473 2006164
1196 2006165
902 2006166
1474 2006167
903 2006168
904 2006169
905 2006170
1197 2006171
1198 2006172
1199 2006173
1200 2006174
1475 2006175
906 2006176
907 2006177
1476 2006178
908 2006179
909 2006180
910 2006181
911 2006182
1477 2006183
912 2006184
913 2006185
914 2006186
915 2006187
916 2006188
917 2006189
918 2006190
919 2006191
920 2006192
921 2006193
922 2006194
923 2006195
924 2006196
925 2006197
1608 2006198
1478 2006199
1636 2006200
1637 2006201
926 2006202
1638 2006203
927 2006204
928 2006205
929 2006206
1201 2006207
1202 2006208
930 2006209
1479 2006210
1480 2006211
1242 2006212
931 2006213
1243 2006214
1244 2006215
932 2006216
933 2006217
1481 2006218
934 2006219
1482 2006220
1203 2006221
1639 2006222
1640 2006223
935 2006224
936 2006225
937 2006226
938 2006227
1483 2006228
1641 2006229
1642 2006230
939 2006231
940 2006232
941 2006233
1609 2006234
1484 2006235
942 2006236
1485 2006237
1486 2006238
1487 2006239
1488 2006240
943 2006241
1489 2006242
944 2006243
1490 2006244
945 2006245
1491 2006246
1245 2006247
946 2006248
947 2006249
1492 2006250
1493 2006251
1610 2006252
948 2006253
949 2006254
950 2006255
951 2006256
1494 2006257
1495 2006258
952 2006259
1204 2006260
1253 2006261
953 2006262
1611 2006263
1496 2006264
1497 2006265
1498 2006266
1612 2006267
954 2006268
955 2006269
1499 2006270
1246 2006271
1500 2006272
956 2006273
957 2006274
1501 2006275
958 2006276
1613 2006277
1502 2006278
959 2006279
960 2006280
1503 2006281
1504 2006282
1505 2006283
1506 2006284
961 2006285
1626 2006286
1507 2006287
1508 2006288
1205 2006289
1206 2006290
1207 2006291
1509 2006292
962 2006293
963 2006294
1510 2006295
1511 2006296
1512 2006297
964 2006298
965 2006299
1513 2006300
966 2006301
967 2006302
1514 2006303
1515 2006304
1516 2006305
1517 2006306
968 2006307
1208 2006308
1209 2006309
1210 2006310
1518 2006311
969 2006312
970 2006313
1519 2006314
971 2006315
1520 2006316
1521 2006317
972 2006318
1522 2006319
973 2006320
974 2006321
975 2006322
1523 2006323
976 2006324
1524 2006325
977 2006326
1525 2006327
978 2006328
1211 2006329
1212 2006330
1213 2006331
979 2006332
980 2006333
981 2006334
1526 2006335
1527 2006336
982 2006337
1528 2006338
983 2006339
984 2006340
985 2006341
986 2006342
1247 2006343
987 2006344
988 2006345
1214 2006346
1614 2006347
989 2006348
990 2006349
1529 2006350
1530 2006351
991 2006352
992 2006353
1531 2006354
993 2006355
1615 2006356
1616 2006357
994 2006358
1617 2006359
995 2006360
1618 2006361
996 2006362
997 2006363
1619 2006364
998 2006365
999 2006366
1000 2006367
1001 2006368
1643 2006369
1002 2006370
1532 2006371
1620 2006372
1003 2006373
1004 2006374
1005 2006375
1006 2006376
1007 2006377
1533 2006378
1534 2006379
1008 2006380
1009 2006381
1010 2006382
1215 2006383
1011 2006384
1535 2006385
1012 2006386
1013 2006387
1014 2006388
1536 2006389
1537 2006390
1538 2006391
1015 2006392
1016 2006393
1017 2006394
1018 2006395
1539 2006396
1540 2006397
1541 2006398
1019 2006399
1020 2006400
1542 2006401
1021 2006402
1022 2006403
1621 2006404
1543 2006405
1023 2006406
1544 2006407
1024 2006408
1025 2006409
1026 2006410
1545 2006411
1027 2006412
1028 2006413
1546 2006414
1547 2006415
1548 2006416
1216 2006417
1549 2006418
1029 2006419
1550 2006420
1551 2006421
1030 2006422
1552 2006423
1254 2006424
1553 2006425
1031 2006426
1032 2006427
1033 2006428
1034 2006429
1035 2006430
1036 2006431
1554 2006432
1555 2006433
1556 2006434
1557 2006435
1037 2006436
1558 2006437
1038 2006438
1039 2006439
1040 2006440
1559 2006441
1560 2006442
1561 2006443
1562 2006444
1563 2006445
1041 2006446
1255 2006447
1042 2006448
1043 2006449
1564 2006450
1217 2006451
1565 2006452
1622 2006453
1566 2006454
1567 2006455
1568 2006456
1044 2006457
1045 2006458
1046 2006459
1569 2006460
1570 2006461
1047 2006462
1048 2006463
1218 2006464
1049 2006465
1050 2006466
1051 2006467
1627 2006468
1052 2006469
1053 2006470
1054 2006471
1055 2006472
1056 2006473
1057 2006474
1571 2006475
1572 2006476
1058 2006477
1573 2006478
1059 2006479
1060 2006480
1574 2006481
1061 2006482
1062 2006483
1063 2006484
1064 2006485
1575 2006486
1576 2006487
1248 2006488
1628 2006490
1065 2006491
1066 2006492
1067 2006493
1219 2006494
1220 2006495
1577 2006496
1068 2006497
1578 2006498
1069 2006499
1579 2006500
1070 2006501
1071 2006502
1072 2006503
1073 2006504
1074 2006505
1075 2006506
1076 2006507
1077 2006508
1078 2006509
1079 2006510
1080 2006511
1081 2006512
1580 2006513
1581 2006514
1082 2006515
1083 2006516
1084 2006517
1582 2006518
1583 2006519
1085 2006520
1086 2006521
1623 2006522
1221 2006523
1087 2006524
1584 2006525
1088 2006526
1089 2006527
1090 2006528
1585 2006529
1586 2006530
1587 2006531
1624 2006532
1091 2006533
1222 2006534
1092 2006535
1588 2006536
1625 2006537
1093 2006538
1094 2006539
1095 2006540
1096 2006541
1097 2006542
1098 2006543
1099 2006544
441 20053
1256 20054
442 20055
1257 20056
1100 20057
1258 20058
1259 20059
817 20063
818 20064
819 20065
1427 20066
1428 20067
820 20068
821 20069
1650 [
1260 200510
443 200511
1261 200512
444 200513
445 200514
446 200515
447 200516
1262 200517
448 200518
449 200519
450 200520
451 200521
452 200522
453 200523
1223 200524
454 200525
455 200526
456 200527
457 200528
458 200529
459 200530
460 200531
461 200532
462 200533
1101 200534
463 200535
1263 200536
464 200537
465 200538
1264 200539
1102 200540
1103 200541
1224 200542
1104 200543
1265 200544
1266 200545
1267 200546
1105 200547
1106 200548
1107 200549
1108 200550
1109 200551
1268 200552
1110 200553
1269 200554
1270 200555
466 200556
1271 200557
1111 200558
467 200559
1272 200560
468 200561
469 200562
470 200563
471 200564
472 200565
473 200566
474 200567
1273 200568
1274 200569
475 200570
476 200571
477 200572
478 200573
1275 200574
1276 200575
479 200576
480 200577
1277 200578
1225 200579
1112 200580
481 200581
1113 200582
1114 200583
1115 200584
1589 200585
1590 200586
482 200587
1278 200588
483 200589
484 200590
1116 200591
485 200592
1279 200593
1280 200594
486 200595
487 200596
1281 200597
488 200598
489 200599
822 200610
823 200611
824 200612
825 200613
826 200614
1429 200615
827 200616
828 200617
829 200618
830 200619
831 200620
1430 200621
1431 200622
832 200623
1432 200624
833 200625
834 200626
835 200627
836 200628
1433 200629
1434 200630
837 200631
838 200632
839 200633
1180 200634
1181 200635
1435 200636
1182 200637
840 200638
1436 200639
841 200640
842 200641
1437 200642
843 200643
844 200644
845 200645
1438 200646
1183 200647
1439 200648
1440 200649
846 200650
847 200651
848 200652
849 200653
850 200654
851 200655
852 200656
853 200657
1184 200658
854 200659
1441 200660
1442 200661
1443 200662
1444 200663
855 200664
1445 200665
856 200666
1446 200667
857 200668
1185 200669
1447 200670
1448 200671
858 200672
859 200673
1449 200674
860 200675
1450 200676
861 200677
1186 200678
862 200679
863 200680
864 200681
1451 200682
865 200683
1600 200684
1601 200685
866 200686
867 200687
1187 200688
1188 200689
1452 200690
1602 200691
1453 200692
1454 200693
1189 200694
1190 200695
1455 200696
1191 200697
1456 200698
1238 200699
