1932 200713
515 2007100
516 2007101
517 2007102
1946 2007103
518 2007104
519 2007105
520 2007106
1611 2007107
1612 2007108
1827 2007109
521 2007110
522 2007111
523 2007112
524 2007113
525 2007114
526 2007115
1947 2007116
1948 2007117
527 2007118
528 2007119
529 2007120
530 2007121
1949 2007123
531 2007124
532 2007125
533 2007126
534 2007127
535 2007128
536 2007129
537 2007130
1950 2007131
1951 2007132
1952 2007133
1828 2007134
538 2007135
1953 2007136
539 2007137
540 2007138
541 2007139
542 2007140
1774 2007141
1775 2007142
1776 2007143
1777 2007144
1778 2007145
1829 2007146
1613 2007147
543 2007148
1614 2007149
544 2007150
545 2007151
546 2007152
547 2007153
548 2007154
549 2007155
550 2007156
551 2007157
1954 2007159
552 2007160
553 2007161
1615 2007162
1616 2007163
1617 2007164
554 2007165
555 2007166
556 2007167
557 2007168
1955 2007169
1956 2007170
558 2007171
559 2007172
560 2007173
561 2007174
562 2007175
563 2007176
564 2007177
565 2007178
566 2007179
1830 2007180
1957 2007181
567 2007182
568 2007183
569 2007184
570 2007185
571 2007186
572 2007187
573 2007188
574 2007189
575 2007190
576 2007191
1958 2007192
577 2007193
578 2007194
579 2007195
580 2007196
581 2007197
582 2007198
583 2007199
584 2007200
585 2007201
586 2007202
587 2007203
588 2007204
589 2007205
590 2007206
591 2007207
592 2007208
593 2007209
594 2007210
1618 2007211
1959 2007212
1619 2007213
1620 2007214
1621 2007215
1960 2007216
595 2007217
596 2007218
597 2007219
598 2007220
1961 2007221
599 2007222
600 2007223
601 2007224
602 2007225
603 2007226
1962 2007227
1831 2007228
604 2007229
1622 2007230
1623 2007231
1624 2007232
605 2007233
1963 2007234
606 2007235
607 2007236
608 2007237
609 2007238
610 2007239
611 2007240
612 2007241
613 2007242
1964 2007243
614 2007244
615 2007245
1965 2007246
616 2007247
617 2007248
618 2007249
619 2007250
1832 2007251
620 2007252
621 2007253
622 2007254
623 2007255
624 2007256
625 2007257
626 2007258
627 2007259
628 2007260
1966 2007261
1967 2007262
629 2007263
630 2007264
1968 2007265
2240 2007266
1969 2007267
631 2007268
1833 2007269
632 2007270
633 2007271
634 2007272
635 2007273
636 2007274
637 2007275
638 2007276
639 2007277
640 2007278
641 2007279
642 2007280
643 2007281
644 2007282
645 2007283
646 2007284
647 2007285
1625 2007286
1626 2007287
1627 2007288
1970 2007289
648 2007290
649 2007291
650 2007292
651 2007293
652 2007294
653 2007295
1971 2007296
1834 2007297
654 2007298
655 2007299
656 2007301
1835 2007302
657 2007303
658 2007304
659 2007305
660 2007306
661 2007307
662 2007308
663 2007309
664 2007310
665 2007311
666 2007312
667 2007313
1972 2007314
668 2007315
669 2007316
670 2007317
671 2007318
1628 2007319
672 2007320
673 2007321
674 2007322
1973 2007323
675 2007324
676 2007325
2241 2007326
2242 2007327
1974 2007328
677 2007329
678 2007330
679 2007331
1629 2007332
680 2007333
681 2007334
1975 2007335
682 2007336
683 2007337
1976 2007338
684 2007339
685 2007340
1977 2007341
1978 2007342
1979 2007343
1980 2007344
686 2007345
1981 2007346
1982 2007347
1983 2007348
1984 2007349
687 2007350
1630 2007351
1631 2007352
1632 2007353
688 2007354
689 2007355
690 2007356
691 2007357
692 2007358
693 2007359
694 2007360
695 2007361
696 2007362
697 2007363
698 2007364
699 2007365
700 2007366
701 2007367
702 2007368
703 2007369
1985 2007370
704 2007371
705 2007372
706 2007373
707 2007374
1986 2007375
1836 2007376
708 2007377
709 2007378
710 2007379
711 2007380
712 2007381
713 2007382
714 2007383
715 2007384
716 2007385
1987 2007386
717 2007387
718 2007388
719 2007389
1988 2007390
1989 2007391
720 2007392
721 2007393
1990 2007394
722 2007395
723 2007396
1991 2007397
724 2007398
1916 2007399
725 2007400
1992 2007401
1993 2007402
1917 2007403
726 2007404
1994 2007405
727 2007406
728 2007407
729 2007408
1995 2007409
730 2007410
731 2007411
732 2007412
1996 2007413
733 2007414
1633 2007415
1634 2007416
1635 2007417
1636 2007418
1637 2007419
1779 2007420
1780 2007421
1638 2007422
1997 2007423
1639 2007424
1640 2007425
1641 2007426
1642 2007427
734 2007428
2286 2007429
735 2007430
1837 2007431
736 2007432
737 2007433
738 2007434
739 2007435
740 2007436
1838 2007437
1643 2007438
741 2007439
742 2007440
743 2007441
744 2007442
1839 2007443
1998 2007444
745 2007445
1644 2007446
1999 2007447
2000 2007448
746 2007449
747 2007450
2001 2007451
748 2007452
2002 2007453
749 2007454
750 2007455
2003 2007456
2004 2007457
751 2007458
1645 2007459
1646 2007460
1647 2007461
752 2007462
753 2007463
754 2007464
755 2007465
756 2007466
757 2007467
2005 2007468
758 2007469
759 2007470
2006 2007471
2007 2007473
2008 2007475
2009 2007477
760 2007478
2010 2007480
1840 2007482
761 2007483
1648 2007484
1649 2007485
762 2007486
2011 2007487
2012 2007488
763 2007489
764 2007490
765 2007491
766 2007492
767 2007493
768 2007494
769 2007495
770 2007496
771 2007497
2013 2007498
2014 2007499
2015 2007500
2016 2007501
772 2007502
2017 2007503
2243 2007504
1650 2007505
1651 2007506
2018 2007507
1841 2007508
2019 2007509
2020 2007510
773 2007511
2021 2007512
1842 2007513
2022 2007514
2023 2007515
1781 2007516
2024 2007517
1652 2007518
1653 2007519
1654 2007520
1655 2007521
2025 2007522
774 2007523
1782 2007524
1656 2007525
1657 2007526
775 2007527
776 2007528
777 2007529
2026 2007530
2027 2007531
2028 2007532
778 2007533
779 2007534
780 2007535
781 2007536
782 2007537
783 2007538
784 2007539
785 2007540
786 2007541
787 2007542
788 2007543
1658 2007544
789 2007545
790 2007546
1659 2007547
1660 2007548
1661 2007549
791 2007550
1843 2007551
792 2007552
793 2007553
794 2007554
1662 2007555
795 2007556
1663 2007557
796 2007558
797 2007559
798 2007560
799 2007561
800 2007562
801 2007563
802 2007564
803 2007565
804 2007566
805 2007567
806 2007568
807 2007569
2029 2007570
808 2007571
809 2007572
810 2007573
2244 2007574
811 2007575
1844 2007576
1845 2007577
812 2007578
1664 2007579
813 2007580
814 2007581
815 2007582
2030 2007583
2031 2007584
816 2007585
817 2007586
2032 2007587
2033 2007588
818 2007589
2245 2007590
2034 2007591
2035 2007592
2036 2007593
2037 2007594
819 2007595
2295 2007596
1846 2007597
1847 2007598
820 2007599
821 2007600
1848 2007601
1849 2007602
1850 2007603
1851 2007604
1852 2007605
1853 2007606
2038 2007607
1854 2007608
1918 2007609
1855 2007610
822 2007611
2039 2007612
2040 2007613
2041 2007614
823 2007615
2042 2007616
1856 2007617
2043 2007618
2044 2007619
2045 2007620
2046 2007621
824 2007622
2047 2007623
825 2007624
2048 2007625
1783 2007626
2049 2007627
1665 2007628
1666 2007629
826 2007630
827 2007631
828 2007632
829 2007633
830 2007634
831 2007635
832 2007636
2050 2007637
2246 2007638
2051 2007639
968 20071000
1801 20071001
2053 2007642
969 20071003
970 20071004
833 2007645
971 20071006
1667 2007647
834 2007648
835 2007649
836 2007650
1818 20071011
1668 2007652
2056 2007653
1920 2007654
2057 2007655
838 2007656
2058 2007657
973 20071018
974 20071019
975 20071020
976 20071021
977 20071022
978 20071023
839 2007664
980 20071025
840 2007666
841 2007667
983 20071028
2062 2007669
1886 20071030
842 2007671
984 20071032
985 20071033
843 2007674
987 20071035
988 20071036
989 20071037
844 2007678
845 2007679
992 20071040
846 2007681
847 2007682
848 2007683
993 20071044
994 20071045
995 20071046
849 2007687
850 2007688
2070 2007689
851 2007690
997 20071051
998 20071052
999 20071053
1000 20071054
1688 20071055
852 2007696
1002 20071057
2076 2007698
2179 20071059
853 2007700
1004 20071061
2077 2007702
1005 20071063
854 2007704
1007 20071065
1008 20071066
1009 20071067
1805 20071068
1806 20071069
1807 20071070
855 2007711
1010 20071072
1011 20071073
1012 20071074
856 2007715
857 2007716
1015 20071077
1016 20071078
858 2007719
1018 20071080
859 2007721
1020 20071082
1021 20071083
1022 20071084
1023 20071085
863 2007726
1809 20071087
1689 20071088
2088 2007729
1888 20071090
1025 20071091
2090 2007732
1026 20071093
2091 2007734
1027 20071095
1028 20071096
865 2007737
1030 20071098
1031 20071099
1032 20071100
2184 20071101
867 2007742
868 2007743
1690 20071104
1034 20071105
1035 20071106
1036 20071107
1037 20071108
1038 20071109
1039 20071110
1040 20071111
870 2007752
871 2007753
872 2007754
873 2007755
874 2007756
875 2007757
1889 20071118
1047 20071119
1048 20071120
877 2007761
878 2007762
1051 20071123
1052 20071124
880 2007765
881 2007766
882 2007767
883 2007768
1056 20071129
885 2007770
886 2007771
887 2007772
1059 20071133
1060 20071134
1061 20071135
1062 20071136
1063 20071137
889 2007778
1065 20071139
1785 2007780
1786 2007781
1787 2007782
1788 2007783
1067 20071144
1068 20071145
1069 20071146
1070 20071147
1071 20071148
890 2007789
1073 20071150
1789 2007791
1075 20071152
1076 20071153
1077 20071154
1078 20071155
1079 20071156
1080 20071157
1081 20071158
1082 20071159
1083 20071160
1084 20071161
1085 20071162
1086 20071163
1087 20071164
1893 20071165
1088 20071166
1089 20071167
1090 20071168
1091 20071169
1819 20071170
892 2007811
1821 20071172
1092 20071173
1093 20071174
1094 20071175
1095 20071176
1676 2007817
1097 20071178
1098 20071179
1099 20071180
1100 20071181
893 2007822
1895 20071183
1101 20071184
1102 20071185
1103 20071186
2124 2007827
2125 2007828
2126 2007829
1677 2007830
2127 2007831
2128 2007832
894 2007833
2129 2007834
2130 2007835
1873 2007836
1874 2007837
2254 2007838
2131 2007839
1678 2007840
1791 2007841
1792 2007842
1793 2007843
895 2007844
1794 2007845
1875 2007846
2255 2007847
2256 2007848
2257 2007849
2132 2007850
2133 2007851
2134 2007852
2135 2007853
2258 2007854
896 2007855
897 2007856
2136 2007857
2137 2007858
2182 20071092
1679 2007860
1923 2007861
2138 2007862
2259 2007863
898 2007864
2260 2007865
1876 2007866
2139 2007867
1877 2007868
2140 2007869
2141 2007870
899 2007871
2142 2007872
900 2007873
901 2007874
902 2007875
903 2007876
904 2007877
905 2007878
2143 2007879
2144 2007880
1878 2007881
906 2007882
1879 2007883
907 2007884
2145 2007885
1880 2007886
908 2007887
2146 2007888
909 2007889
910 2007890
911 2007891
912 2007892
1680 2007893
1924 2007894
2261 2007895
2262 2007896
2147 2007897
913 2007898
2148 2007899
1681 2007900
1881 2007901
1882 2007902
1883 2007903
1884 2007904
914 2007905
2149 2007906
915 2007907
1795 2007908
916 2007909
1796 2007910
1682 2007911
1817 2007912
1797 2007913
1798 2007914
2150 2007915
1799 2007916
2151 2007917
917 2007918
918 2007919
1683 2007920
1684 2007921
919 2007922
1685 2007923
1686 2007924
1687 2007925
920 2007926
921 2007927
922 2007928
1925 2007929
923 2007930
924 2007931
925 2007932
926 2007933
2152 2007934
927 2007935
928 2007936
929 2007937
930 2007938
2263 2007940
931 2007941
932 2007942
2153 2007943
933 2007944
934 2007945
2154 2007946
935 2007947
2155 2007948
936 2007949
937 2007950
2156 2007951
938 2007952
939 2007953
940 2007954
941 2007955
942 2007956
943 2007957
944 2007958
945 2007959
946 2007960
2157 2007961
947 2007962
948 2007963
2264 2007964
949 2007965
950 2007966
951 2007967
952 2007968
2158 2007969
953 2007970
2159 2007971
2265 2007972
2160 2007973
2161 2007974
2162 2007975
2163 2007976
2307 2007977
954 2007978
2164 2007979
2266 2007980
2267 2007981
2268 2007982
1885 2007983
955 2007984
956 2007985
2165 2007986
957 2007987
958 2007988
959 2007989
960 2007990
961 2007991
962 2007992
963 2007993
2166 2007994
964 2007995
965 2007996
966 2007997
1800 2007998
967 2007999
1029 20071097
2199 200869
1162 2008100
1899 2008101
1706 2008102
1163 2008103
1164 2008104
1165 2008105
1166 2008106
1167 2008107
1168 2008108
1707 2008109
1811 2008110
1812 2008111
1708 2008112
1169 2008113
1709 2008114
1710 2008115
1711 2008116
1712 2008117
1713 2008118
1714 2008119
1715 2008120
1716 2008121
1717 2008122
2271 2008123
1170 2008124
1171 2008125
1172 2008126
1173 2008127
1174 2008128
1175 2008129
1176 2008130
1177 2008131
2202 2008132
1178 2008133
1179 2008134
1180 2008135
1181 2008136
1182 2008137
1183 2008138
2203 2008139
1184 2008140
1185 2008141
1186 2008142
1187 2008143
1188 2008144
1189 2008145
1190 2008146
1191 2008147
1192 2008148
2204 2008149
2205 2008150
1193 2008151
1194 2008152
1195 2008153
1196 2008154
1197 2008155
1822 2008156
1198 2008157
1199 2008158
1200 2008159
1201 2008160
1202 2008161
1203 2008162
1204 2008163
2272 2008164
1205 2008165
1823 2008166
1206 2008167
1207 2008168
1718 2008169
1208 2008170
1209 2008171
1210 2008172
1211 2008173
1212 2008174
2273 2008175
1213 2008176
1214 2008177
1215 2008178
1216 2008179
1217 2008180
2274 2008181
2275 2008182
2276 2008183
1218 2008184
1219 2008185
1220 2008186
1221 2008187
2289 2008188
1222 2008189
1223 2008190
2206 2008191
1224 2008192
2277 2008193
2278 2008194
2279 2008195
1225 2008196
1226 2008197
2280 2008198
1227 2008199
1228 2008200
2281 2008201
1229 2008202
2290 2008203
1230 2008204
1231 2008205
1232 2008206
1233 2008207
2292 2008208
2282 2008209
1234 2008210
1235 2008211
1236 2008212
1237 2008213
1238 2008214
2283 2008215
2207 2008216
1239 2008217
1240 2008218
2208 2008219
1241 2008220
1242 2008221
1900 2008222
1243 2008223
1244 2008224
1245 2008225
1246 2008226
1247 2008227
1248 2008228
1249 2008229
1824 2008230
1825 2008231
1250 2008232
1251 2008233
1252 2008234
1253 2008235
1254 2008236
1255 2008237
1256 2008238
1257 2008239
1258 2008240
1826 2008241
1259 2008242
1260 2008243
1261 2008244
1262 2008245
1263 2008246
1264 2008247
1265 2008248
2209 2008249
1266 2008250
1267 2008251
1268 2008252
1269 2008253
1270 2008254
1271 2008255
1272 2008256
1273 2008257
1274 2008258
1275 2008259
1276 2008260
1277 2008261
1278 2008262
1279 2008263
1280 2008264
1281 2008265
1282 2008266
1719 2008267
1720 2008268
1283 2008269
1721 2008270
1722 2008271
1723 2008272
2210 2008273
1724 2008274
1725 2008275
1726 2008276
1727 2008277
1728 2008278
1729 2008279
1284 2008280
1285 2008281
1286 2008282
1287 2008283
1288 2008284
1289 2008285
2284 2008286
2211 2008287
1290 2008288
2212 2008289
1291 2008290
1292 2008291
1293 2008292
1294 2008293
1295 2008294
1296 2008295
2213 2008296
1297 2008297
1298 2008298
1730 2008299
1731 2008300
1732 2008301
1299 2008302
1300 2008303
1301 2008304
1302 2008305
1303 2008306
1304 2008307
1305 2008308
1306 2008309
1307 2008310
2214 2008311
1308 2008312
1309 2008313
1310 2008314
1311 2008315
1312 2008316
1313 2008317
1901 2008318
2215 2008319
1314 2008320
1315 2008321
1316 2008322
1317 2008323
2216 2008324
1318 2008325
1319 2008326
1320 2008327
1321 2008328
1322 2008329
1323 2008330
1324 2008331
2217 2008332
1325 2008333
2218 2008334
1326 2008335
1327 2008336
1328 2008337
1329 2008338
1330 2008339
1331 2008340
1332 2008341
1333 2008342
1334 2008343
1335 2008344
1336 2008345
1337 2008346
1338 2008347
1339 2008348
1902 2008349
1340 2008350
1341 2008351
1342 2008352
1343 2008353
1344 2008354
1345 2008355
1346 2008356
1347 2008357
1348 2008358
2219 2008359
1349 2008360
1350 2008361
1351 2008362
1352 2008363
1353 2008364
1354 2008365
1903 2008366
1355 2008367
1356 2008368
1733 2008369
1357 2008370
1358 2008371
1359 2008372
1360 2008373
1361 2008374
1362 2008375
1363 2008376
1364 2008377
1365 2008378
1366 2008379
1734 2008380
1367 2008381
2293 2008382
2294 2008383
1368 2008384
1369 2008385
1370 2008386
1371 2008387
1372 2008388
1373 2008389
1374 2008390
1735 2008391
1375 2008392
1376 2008393
1377 2008394
1378 2008395
2220 2008396
1379 2008397
1380 2008398
1381 2008399
1904 2008400
1382 2008401
2311 2008402
1383 2008403
1384 2008404
1385 2008405
1386 2008406
1387 2008407
1388 2008408
1905 2008409
1389 2008410
1390 2008411
1391 2008412
2312 2008413
1392 2008414
1393 2008415
1394 2008416
862 2007725
1396 2008418
1397 2008419
1398 2008420
1399 2008421
1400 2008422
1401 2008423
1402 2008424
1403 2008425
1404 2008426
1405 2008427
1928 2008428
1406 2008429
1407 2008430
1736 2008431
1737 2008432
1738 2008433
1408 2008434
1409 2008435
1410 2008436
1411 2008437
1412 2008438
1413 2008439
1414 2008440
1415 2008441
1416 2008442
1417 2008443
1418 2008444
1419 2008445
1420 2008446
1421 2008447
1906 2008448
1422 2008449
1907 2008450
2221 2008451
1423 2008452
1424 2008453
2222 2008454
1425 2008455
1426 2008456
1427 2008457
1428 2008458
1429 2008459
1430 2008460
1431 2008461
1432 2008462
1433 2008463
2308 2008464
1434 2008465
1435 2008466
1436 2008467
1437 2008468
2309 2008469
1438 2008470
1439 2008471
1440 2008472
1441 2008473
1442 2008474
1443 2008475
1444 2008476
1445 2008477
1446 2008478
2223 2008479
1447 2008480
1448 2008481
1449 2008482
1450 2008483
1451 2008484
1813 2008485
1739 2008486
1740 2008487
1452 2008488
1453 2008489
1454 2008490
1455 2008491
1456 2008492
1457 2008493
1458 2008494
1459 2008495
1460 2008496
1461 2008497
1462 2008498
1463 2008499
1464 2008500
1465 2008501
1466 2008502
1467 2008503
2224 2008504
1468 2008505
1469 2008506
1672 2007728
2225 2008508
1471 2008509
1472 2008510
1908 2008511
1909 2008512
1473 2008513
2226 2008514
2227 2008515
1741 2008516
1742 2008517
1743 2008518
1744 2008519
1745 2008520
1746 2008521
1747 2008522
1748 2008523
1474 2008524
1475 2008525
1476 2008526
1477 2008527
1478 2008528
1479 2008529
1480 2008530
1481 2008531
1482 2008532
1483 2008533
1484 2008534
2316 2008535
1485 2008536
1486 2008537
1487 2008538
1488 2008539
1489 2008540
1490 2008541
1491 2008542
1492 2008543
1493 2008544
1749 2008545
2310 2008546
1750 2008547
1751 2008548
2285 2008549
1044 20071115
2314 2008551
1495 2008552
1496 2008553
1497 2008554
2228 2008555
1498 2008556
1499 2008557
1752 2008558
1910 2008559
1911 2008560
1500 2008561
1501 2008562
1502 2008563
1753 2008564
1754 2008565
2229 2008566
1503 2008567
1504 2008568
1755 2008569
1505 2008570
1506 2008571
1507 2008572
2230 2008573
1508 2008574
1509 2008575
1510 2008576
1511 2008577
1512 2008578
1513 2008579
1756 2008580
1514 2008581
1515 2008582
1912 2008583
1516 2008584
1517 2008585
1518 2008586
1519 2008587
1520 2008588
1757 2008589
1521 2008590
1758 2008591
1522 2008592
1523 2008593
1524 2008594
1525 2008595
1526 2008596
1527 2008597
1528 2008598
1529 2008599
1530 2008600
1531 2008601
1759 2008602
1532 2008603
1533 2008604
1760 2008605
1761 2008606
1534 2008607
1762 2008608
1535 2008609
1536 2008610
1537 2008611
1538 2008612
1763 2008613
1539 2008614
1540 2008615
1541 2008616
1542 2008617
1543 2008618
1544 2008619
1545 2008620
1546 2008621
1547 2008622
1548 2008623
1764 2008624
1549 2008625
1550 2008626
1551 2008627
1765 2008628
1552 2008629
1553 2008630
1554 2008631
1555 2008632
1556 2008633
1557 2008634
1766 2008635
1558 2008636
1559 2008637
1560 2008638
1694 200821
1561 2008640
1562 2008641
1563 2008642
1564 2008643
1565 2008644
1566 2008645
1767 2008646
1567 2008647
1568 2008648
1569 2008649
1570 2008650
1571 2008651
1572 2008652
1573 2008653
1574 2008654
1575 2008655
1576 2008656
1577 2008657
1578 2008658
1579 2008659
1580 2008660
1581 2008661
1582 2008662
1583 2008663
1584 2008664
1585 2008665
1586 2008666
1587 2008667
1588 2008668
1589 2008669
2232 2008670
1590 2008671
1591 2008672
1592 2008673
1913 2008674
1593 2008675
1768 2008676
1769 2008677
1770 2008678
1594 2008679
1595 2008680
2233 2008681
1596 2008682
1597 2008683
1598 2008684
1599 2008685
1600 2008686
1601 2008687
1602 2008688
1603 2008689
1604 2008690
1605 2008691
1494 2008550
2250 2007735
2092 2007736
2093 2007738
1673 2007733
2304 2007741
2313 200833
1674 2007745
2095 2007746
2096 2007747
1864 2007748
2097 2007749
1041 20071112
2099 2007751
1042 20071113
1043 20071114
1470 2008507
2247 2007640
2052 2007641
2167 20071002
2054 2007643
2055 2007644
2301 20071005
1919 2007646
2168 20071007
972 20071008
2169 20071009
2170 20071010
837 2007651
2171 20071012
2172 20071013
2173 20071014
1929 20073
453 20074
454 20075
1930 20076
1931 20077
455 20078
1606 20079
2269 20071016
1104 20083
2189 20084
1105 20085
1106 20086
1107 20087
1108 20088
1926 20089
1669 2007658
2059 2007659
1857 2007660
2060 2007661
2061 2007662
1670 2007663
979 20071024
1858 2007665
981 20071026
982 20071027
1859 2007668
2302 20071029
2063 2007670
2270 20071031
2064 2007672
2248 2007673
986 20071034
2065 2007675
2066 2007676
2067 2007677
990 20071038
991 20071039
2068 2007680
1802 20071041
1803 20071042
1804 20071043
1860 2007684
1861 2007685
2069 2007686
996 20071047
2176 20071048
2177 20071049
1887 20071050
2071 2007691
2072 2007692
2073 2007693
1862 2007694
2074 2007695
1001 20071056
2075 2007697
2178 20071058
2296 2007699
1003 20071060
2291 2007701
2180 20071062
2078 2007703
1006 20071064
2079 2007705
2080 2007706
2249 2007707
2081 2007708
2303 2007709
2082 2007710
1808 20071071
2083 2007712
2084 2007713
2085 2007714
1013 20071075
1014 20071076
2086 2007717
2234 2007718
1017 20071079
2087 2007720
1019 20071081
1671 2007722
860 2007723
2235 200710
456 200711
1607 200712
861 2007724
457 200714
458 200715
1771 200716
1772 200717
1773 200718
459 200719
460 200720
461 200721
1933 200722
462 200723
463 200724
464 200725
465 200726
466 200727
467 200728
468 200729
469 200730
864 2007727
470 200732
1935 200733
471 200734
472 200735
473 200736
1608 200737
2236 200738
2237 200739
2238 200740
474 200741
1814 200742
1815 200743
1816 200744
475 200745
476 200746
477 200747
1609 200748
478 200749
479 200750
480 200751
481 200752
482 200753
483 200754
484 200755
485 200756
486 200757
1936 200758
1610 200759
487 200760
1937 200761
488 200762
489 200763
490 200764
491 200765
1938 200766
492 200767
493 200768
494 200769
1939 200770
495 200771
496 200772
497 200773
498 200774
499 200775
500 200776
501 200777
502 200778
503 200779
2239 200780
1914 200781
1940 200782
1941 200783
1942 200784
1943 200785
504 200786
505 200787
1915 200788
506 200789
507 200790
508 200791
1944 200792
1945 200793
509 200794
510 200795
511 200796
512 200797
513 200798
514 200799
2094 2007739
866 2007740
1109 200810
1110 200811
1691 200812
1692 200813
1111 200814
1693 200815
2190 200816
2191 200817
2192 200818
2193 200819
1112 200820
1033 20071102
1113 200822
1114 200823
1115 200824
1116 200825
2287 200826
1810 200827
1695 200828
1117 200829
2315 200830
1118 200831
2288 200832
869 2007744
1119 200834
1120 200835
2194 200836
1121 200837
1122 200838
1123 200839
1124 200840
1125 200841
1126 200842
1127 200843
1128 200844
1696 200845
2195 200847
2196 200848
1129 200849
1130 200850
1131 200851
1132 200852
1133 200853
1134 200854
1697 200855
1698 200856
1699 200857
2197 200858
1135 200859
1136 200860
1137 200861
1138 200862
1139 200863
1140 200864
1141 200865
1927 200866
1142 200867
2198 200868
2098 2007750
1143 200870
1700 200871
1701 200872
1702 200873
1144 200874
1145 200875
1146 200876
1147 200877
2200 200878
2201 200879
1148 200880
1149 200881
1150 200882
1896 200883
1897 200884
1151 200885
1152 200886
1153 200887
1154 200888
1155 200889
1156 200890
1157 200891
1158 200892
1159 200893
1898 200894
1703 200895
1704 200896
1705 200897
1160 200898
1161 200899
1045 20071116
1046 20071117
2100 2007758
2101 2007759
876 2007760
1049 20071121
1050 20071122
1865 2007763
879 2007764
1053 20071125
1054 20071126
1055 20071127
1890 20071128
884 2007769
2186 20071130
1057 20071131
1058 20071132
2102 2007773
2103 2007774
2104 2007775
1866 2007776
888 2007777
1064 20071138
1784 2007779
2187 20071140
1891 20071141
1066 20071142
1892 20071143
2185 20071103
1867 2007784
2105 2007785
2297 2007786
2298 2007787
2106 2007788
1072 20071149
2305 2007790
1074 20071151
2107 2007792
1868 2007793
2108 2007794
1921 2007795
2109 2007796
1869 2007797
1870 2007798
2110 2007799
891 2007800
1871 2007801
2299 2007802
2111 2007803
1790 2007804
2112 2007805
2113 2007806
2114 2007807
2115 2007808
1675 2007809
2116 2007810
1820 20071171
2300 2007812
2251 2007813
2117 2007814
2118 2007815
2119 2007816
1096 20071177
2120 2007818
2121 2007819
2122 2007820
2252 2007821
1894 20071182
2123 2007823
2253 2007824
1922 2007825
1872 2007826
2188 20071187
2306 2007859
1395 2008417
1024 20071086
2174 20071015
2175 20071017
2231 2008639
2181 20071089
2089 2007730
1934 200731
2183 20071094
1863 2007731
