1676 2009100
2029 2009101
522 2009102
523 2009103
1831 2009104
524 2009105
1677 2009106
1678 2009107
1679 2009108
525 2009109
526 2009110
1832 2009111
527 2009112
1833 2009114
528 2009115
529 2009116
1834 2009117
1835 2009118
530 2009119
531 2009120
532 2009121
1680 2009122
1681 2009123
1682 2009124
1836 2009125
1683 2009126
1684 2009127
1685 2009128
1686 2009129
1797 2009130
1687 2009131
533 2009132
534 2009133
535 2009134
536 2009135
537 2009136
538 2009137
539 2009138
1837 2009139
540 2009140
541 2009141
542 2009142
543 2009143
1838 2009144
544 2009145
1688 2009146
545 2009147
1689 2009148
546 2009149
547 2009150
548 2009151
549 2009152
550 2009153
551 2009154
552 2009155
553 2009156
1839 2009157
554 2009158
1840 2009159
1841 2009160
555 2009161
556 2009162
557 2009163
558 2009164
559 2009165
560 2009166
561 2009167
562 2009168
1842 2009169
563 2009170
564 2009171
565 2009172
566 2009173
567 2009174
568 2009175
569 2009176
570 2009177
1843 2009178
571 2009179
572 2009180
1844 2009181
573 2009182
574 2009183
575 2009184
1845 2009185
576 2009186
577 2009187
1690 2009188
1691 2009189
1692 2009190
1693 2009191
578 2009192
579 2009193
580 2009194
581 2009195
582 2009196
583 2009197
584 2009198
1846 2009199
585 2009200
586 2009201
587 2009202
588 2009203
589 2009204
590 2009205
591 2009206
592 2009207
593 2009208
594 2009209
595 2009210
596 2009211
597 2009212
598 2009213
1847 2009214
599 2009215
1694 2009216
1695 2009217
1696 2009218
1697 2009219
1848 2009220
600 2009221
601 2009222
602 2009223
1849 2009224
603 2009225
604 2009226
605 2009227
606 2009228
607 2009229
1850 2009230
608 2009231
609 2009232
610 2009233
1851 2009234
1852 2009235
611 2009236
612 2009237
613 2009238
614 2009239
615 2009240
616 2009241
617 2009242
618 2009243
619 2009244
620 2009245
621 2009246
622 2009247
623 2009248
1853 2009249
624 2009250
625 2009251
1854 2009252
1855 2009253
626 2009254
1856 2009255
627 2009256
628 2009257
629 2009258
630 2009259
1857 2009260
1858 2009261
1798 2009262
1698 2009263
1699 2009264
1700 2009265
1701 2009266
1702 2009267
1703 2009268
631 2009269
632 2009270
633 2009271
634 2009272
635 2009273
636 2009274
637 2009275
638 2009276
639 2009277
640 2009278
641 2009279
642 2009280
643 2009281
644 2009282
645 2009283
646 2009284
647 2009285
648 2009286
1859 2009287
649 2009288
650 2009289
2030 2009290
1860 2009291
1861 2009292
1862 2009293
1863 2009294
651 2009295
1864 2009296
652 2009297
1865 2009298
1866 2009299
653 2009300
1867 2009301
654 2009302
1868 2009303
655 2009304
1869 2009305
2031 2009306
2032 2009307
2033 2009308
2034 2009309
2035 2009310
2036 2009311
2037 2009312
656 2009313
2081 2009314
2038 2009315
2082 2009316
1870 2009317
657 2009318
1871 2009319
1872 2009320
1873 2009321
658 2009322
1874 2009323
659 2009324
660 2009325
1875 2009326
661 2009327
1876 2009328
662 2009329
1877 2009330
663 2009331
1878 2009332
664 2009333
1879 2009334
665 2009335
666 2009336
667 2009337
1880 2009338
668 2009339
1881 2009340
669 2009341
1882 2009342
670 2009343
1883 2009344
671 2009345
672 2009346
673 2009347
674 2009348
675 2009349
676 2009350
677 2009351
678 2009353
679 2009354
680 2009355
681 2009356
682 2009357
1884 2009358
683 2009359
684 2009360
685 2009361
686 2009362
2039 2009363
2092 2009364
2040 2009365
2041 2009366
687 2009367
1885 2009368
1886 2009369
688 2009370
1887 2009371
2042 2009372
689 2009373
2043 2009374
690 2009375
691 2009376
692 2009377
693 2009378
1704 2009379
1888 2009380
2044 2009381
1889 2009382
694 2009383
1890 2009384
2083 2009385
2093 2009386
2045 2009387
2084 2009388
2046 2009389
1891 2009390
1892 2009391
695 2009392
696 2009393
697 2009394
698 2009395
699 2009396
1893 2009397
1705 2009398
700 2009399
701 2009400
1894 2009401
702 2009402
1799 2009403
703 2009404
704 2009405
705 2009406
706 2009407
707 2009408
708 2009409
1706 2009410
1895 2009411
1896 2009412
709 2009413
2018 2009414
2047 2009415
2094 2009416
2048 2009417
2049 2009418
710 2009419
1897 2009420
711 2009421
712 2009422
713 2009423
714 2009424
715 2009425
716 2009426
717 2009427
718 2009428
719 2009429
720 2009430
721 2009431
722 2009432
2050 2009433
723 2009434
724 2009435
2095 2009436
725 2009437
1898 2009438
726 2009439
1899 2009440
727 2009441
2051 2009442
2052 2009443
728 2009444
729 2009445
730 2009446
731 2009447
732 2009448
1900 2009449
1901 2009450
1707 2009451
2085 2009452
2053 2009453
2019 2009454
2020 2009455
1902 2009456
733 2009457
1903 2009458
734 2009459
735 2009460
736 2009461
737 2009462
738 2009463
739 2009464
740 2009465
1904 2009466
1905 2009467
1800 2009468
741 2009469
1906 2009470
742 2009471
1907 2009472
743 2009473
1908 2009474
744 2009475
745 2009476
746 2009477
2054 2009478
747 2009479
748 2009480
1808 2009481
2055 2009482
1809 2009483
749 2009484
750 2009485
751 2009486
752 2009487
2056 2009488
753 2009489
754 2009490
1708 2009491
755 2009492
756 2009493
757 2009494
758 2009495
759 2009496
760 2009497
761 2009498
762 2009499
763 2009500
764 2009501
1709 2009502
765 2009503
766 2009504
767 2009505
768 2009506
769 2009507
1909 2009508
1910 2009509
1911 2009510
1912 2009511
2021 2009512
1710 2009513
2057 2009514
2022 2009515
2058 2009516
2059 2009517
2060 2009518
2061 2009519
2062 2009520
2023 2009521
2024 2009522
2086 2009523
770 2009524
771 2009525
772 2009526
773 2009527
774 2009528
775 2009529
776 2009530
1913 2009531
777 2009532
778 2009533
779 2009534
780 2009535
1914 2009536
2063 2009537
2025 2009538
2064 2009539
2026 2009540
2065 2009541
2066 2009542
2067 2009543
2027 2009544
2068 2009545
781 2009546
2028 2009547
782 2009548
783 2009549
1711 2009550
1712 2009551
1713 2009552
784 2009553
785 2009554
786 2009555
787 2009556
788 2009557
789 2009558
790 2009559
791 2009560
792 2009561
793 2009562
794 2009563
795 2009564
796 2009565
797 2009566
798 2009567
799 2009568
800 2009569
1915 2009570
1916 2009571
801 2009572
802 2009573
803 2009574
804 2009575
805 2009576
806 2009577
807 2009578
808 2009579
809 2009580
1917 2009581
1918 2009582
1714 2009583
1919 2009584
1920 2009585
1921 2009586
1922 2009587
2087 2009588
2069 2009589
1923 2009590
810 2009591
2070 2009592
2071 2009593
2072 2009594
2088 2009595
2089 2009596
2090 2009597
1924 2009598
811 2009599
812 2009600
813 2009601
814 2009602
815 2009603
816 2009604
1925 2009605
1926 2009606
1927 2009607
1928 2009608
817 2009609
818 2009610
819 2009611
820 2009612
821 2009613
822 2009614
823 2009615
824 2009616
825 2009617
826 2009618
827 2009619
828 2009620
829 2009621
830 2009622
831 2009623
832 2009624
833 2009625
834 2009626
1810 2009627
1811 2009628
1812 2009629
1813 2009630
2073 2009631
1814 2009632
1815 2009633
1816 2009634
835 2009635
1817 2009636
1818 2009637
2074 2009638
2075 2009639
1929 2009640
836 2009641
837 2009642
838 2009643
839 2009644
1930 2009645
840 2009646
841 2009647
842 2009648
843 2009649
844 2009650
1931 2009651
1932 2009652
845 2009653
1715 2009654
1801 2009655
1933 2009656
1934 2009657
846 2009658
847 2009659
848 2009660
849 2009661
1935 2009662
850 2009663
1716 2009664
1717 2009665
1718 2009666
851 2009667
1936 2009668
852 2009669
853 2009670
854 2009671
855 2009672
856 2009673
857 2009674
1937 2009675
858 2009676
859 2009677
1938 2009678
860 2009679
861 2009680
1939 2009681
1940 2009682
2076 2009683
862 2009684
863 2009685
864 2009686
865 2009687
1941 2009688
1942 2009689
866 2009690
867 2009691
868 2009692
869 2009693
870 2009694
871 2009695
872 2009696
873 2009697
874 2009698
1943 2009699
875 2009700
876 2009701
877 2009702
2077 2009703
878 2009704
2078 2009705
879 2009706
1944 2009707
880 2009708
881 2009709
882 2009710
883 2009711
884 2009712
885 2009713
886 2009714
887 2009715
888 2009716
889 2009717
890 2009718
891 2009719
1945 2009720
892 2009721
893 2009722
894 2009723
895 2009724
896 2009725
897 2009726
898 2009727
1802 2009728
1946 2009729
1719 2009730
899 2009731
900 2009732
901 2009733
902 2009734
903 2009735
904 2009736
905 2009737
906 2009738
907 2009739
908 2009740
909 2009741
910 2009742
911 2009743
912 2009744
1947 2009745
913 2009746
914 2009747
915 2009748
916 2009749
917 2009750
918 2009751
919 2009752
920 2009753
921 2009754
922 2009755
923 2009756
924 2009757
925 2009758
926 2009759
927 2009760
1948 2009761
928 2009762
929 2009763
930 2009764
931 2009765
932 2009766
933 2009767
934 2009768
935 2009769
936 2009770
937 2009771
938 2009772
939 2009773
940 2009774
941 2009775
942 2009776
943 2009777
944 2009778
945 2009779
946 2009780
947 2009781
1949 2009782
948 2009783
949 2009784
950 2009785
951 2009786
952 2009787
953 2009788
954 2009789
955 2009790
956 2009791
957 2009792
958 2009793
959 2009794
960 2009795
1720 2009796
1721 2009797
1950 2009798
961 2009799
962 2009800
963 2009801
964 2009802
965 2009803
966 2009804
967 2009805
968 2009806
969 2009807
970 2009808
971 2009809
972 2009810
1803 2009811
1951 2009812
973 2009813
974 2009814
975 2009815
1722 2009816
1723 2009817
1724 2009818
1725 2009819
1726 2009820
1727 2009821
976 2009822
977 2009823
978 2009824
979 2009825
980 2009826
981 2009827
982 2009828
983 2009829
984 2009830
985 2009831
986 2009832
987 2009833
988 2009834
989 2009835
1952 2009836
990 2009837
991 2009838
992 2009839
993 2009840
994 2009841
995 2009842
996 2009843
997 2009844
998 2009845
999 2009846
1000 2009847
1001 2009848
1002 2009849
1003 2009850
1004 2009851
1005 2009852
1006 2009853
1007 2009854
1008 2009855
1009 2009856
1010 2009857
1953 2009858
1954 2009859
1955 2009860
1956 2009861
1957 2009862
1011 2009863
1012 2009864
1013 2009865
1014 2009866
1015 2009867
1016 2009868
1017 2009869
1018 2009870
1019 2009871
1020 2009872
1958 2009873
1959 2009874
1960 2009875
1021 2009876
1022 2009877
1023 2009878
1024 2009879
1025 2009880
1026 2009881
1027 2009882
1028 2009883
1029 2009884
1030 2009885
1031 2009886
1032 2009887
1033 2009888
1034 2009889
1035 2009890
1036 2009891
1804 2009892
1037 2009893
1038 2009894
1039 2009895
1040 2009896
1041 2009897
1042 2009898
1043 2009899
1961 2009900
1044 2009901
1728 2009902
1045 2009903
1046 2009904
1047 2009905
1048 2009906
1049 2009907
1050 2009908
1051 2009909
1052 2009910
1053 2009911
1054 2009912
1729 2009913
1055 2009914
1056 2009915
1730 2009916
1057 2009917
1058 2009918
1059 2009919
1060 2009920
1061 2009921
1962 2009922
1062 2009923
1731 2009924
1063 2009925
1963 2009926
1064 2009927
1065 2009928
1066 2009929
1067 2009930
1068 2009931
1069 2009932
1070 2009933
1071 2009934
1072 2009935
1073 2009936
1074 2009937
1075 2009938
1076 2009939
1077 2009940
1078 2009941
1079 2009942
1732 2009943
1805 2009944
1806 2009945
1080 2009946
1081 2009947
1082 2009948
1083 2009949
1084 2009950
1964 2009951
1085 2009952
1086 2009953
1087 2009954
1733 2009955
1734 2009956
1088 2009957
1089 2009958
1965 2009959
1090 2009960
1091 2009961
1092 2009962
1966 2009963
1967 2009964
1968 2009965
1093 2009966
1094 2009967
1095 2009968
1096 2009969
1097 2009970
1098 2009971
1099 2009972
1100 2009973
1101 2009974
1102 2009975
1103 2009976
1104 2009977
1105 2009978
1106 2009979
1107 2009980
1108 2009981
1109 2009982
1110 2009983
1111 2009984
1112 2009985
1113 2009986
1114 2009988
1115 2009989
1116 2009990
1117 2009992
1208 2010100
1209 2010101
1210 2010102
1211 2010103
1212 2010104
1213 2010105
1214 2010106
1215 2010107
1216 2010108
1736 2010109
1737 2010110
1738 2010111
1217 2010112
1974 2010113
1218 2010114
1219 2010115
1220 2010116
1221 2010117
1222 2010118
1223 2010119
1739 2010120
1224 2010121
1225 2010122
1975 2010123
1226 2010124
1227 2010125
1228 2010126
1229 2010127
1230 2010128
1231 2010129
1740 2010130
1741 2010131
1742 2010132
1976 2010133
1232 2010134
1233 2010135
1234 2010136
1235 2010137
1743 2010138
1744 2010139
1745 2010140
1236 2010141
1237 2010142
1238 2010143
1239 2010144
1240 2010145
1241 2010146
1242 2010147
1243 2010148
1244 2010149
1245 2010150
1246 2010151
1746 2010152
1747 2010153
1748 2010154
1819 2010155
1749 2010156
1750 2010157
1247 2010158
1751 2010159
1977 2010160
1248 2010161
1249 2010162
1250 2010163
1251 2010164
1252 2010165
1253 2010166
1254 2010167
1255 2010168
1256 2010169
1257 2010170
1258 2010171
2013 2010172
2014 2010173
1752 2010174
1753 2010175
1259 2010176
1260 2010177
1261 2010178
1262 2010179
1263 2010180
1264 2010181
1265 2010182
1266 2010183
1978 2010184
1267 2010185
1268 2010186
1269 2010187
1270 2010188
1271 2010189
1272 2010190
1273 2010191
1979 2010192
1274 2010193
1275 2010194
1276 2010195
1277 2010196
1278 2010197
1279 2010198
1280 2010199
1281 2010200
1282 2010201
1283 2010202
1284 2010203
1285 2010204
1286 2010205
1287 2010206
1288 2010207
1289 2010208
1290 2010209
1291 2010210
1292 2010211
1293 2010212
1294 2010213
1295 2010214
1296 2010215
1297 2010216
1298 2010217
1299 2010218
1300 2010219
1301 2010220
1302 2010221
1303 2010222
1304 2010223
1305 2010224
1306 2010225
1307 2010226
1308 2010227
1754 2010228
1755 2010229
1756 2010230
1757 2010231
1309 2010232
1310 2010233
1311 2010234
1312 2010235
1313 2010236
1314 2010237
1315 2010238
1316 2010239
1317 2010240
1318 2010241
1319 2010242
1320 2010243
1321 2010244
1322 2010245
1323 2010246
1324 2010247
1325 2010248
1326 2010249
1327 2010250
1328 2010251
1329 2010252
1330 2010253
1980 2010254
1981 2010255
1982 2010256
1331 2010257
1332 2010258
1333 2010259
1983 2010260
1334 2010261
1335 2010262
1336 2010263
1337 2010264
1338 2010265
1339 2010266
1340 2010267
1341 2010268
1342 2010269
1343 2010270
1344 2010271
1345 2010272
1984 2010273
1346 2010274
1347 2010275
1348 2010276
1349 2010277
2015 2010278
2016 2010279
1807 2010280
2017 2010281
1350 2010282
1351 2010283
1352 2010284
1353 2010285
1758 2010286
1759 2010287
1760 2010288
1761 2010289
1762 2010290
1354 2010291
1763 2010292
1764 2010293
1985 2010294
1765 2010295
1766 2010296
1355 2010297
1356 2010298
1357 2010299
1358 2010300
1359 2010301
1360 2010302
1361 2010303
1362 2010304
1363 2010305
1364 2010306
1986 2010307
1365 2010308
1366 2010309
1367 2010310
1368 2010311
1369 2010312
1370 2010313
1371 2010314
1372 2010315
1373 2010316
1374 2010317
1375 2010318
1376 2010319
1377 2010320
1378 2010321
2091 2010322
1379 2010323
1767 2010324
1987 2010325
1380 2010326
1381 2010327
1382 2010328
1383 2010329
1768 2010330
1769 2010331
2079 2010332
1384 2010333
1385 2010334
1386 2010335
1770 2010336
1387 2010337
1388 2010338
1389 2010339
1390 2010340
1391 2010341
1392 2010342
1393 2010343
1394 2010344
1395 2010345
1771 2010346
1772 2010347
1396 2010348
1397 2010349
1988 2010350
1398 2010351
1399 2010352
1400 2010353
1401 2010354
1402 2010355
1403 2010356
1404 2010357
1773 2010358
1405 2010359
1406 2010360
1407 2010361
1408 2010362
1409 2010364
1410 2010365
1411 2010367
1412 2010368
1413 2010369
1414 2010370
1774 2010371
1775 2010372
1415 2010373
1416 2010374
1417 2010375
1418 2010376
1419 2010377
1420 2010378
1421 2010379
1422 2010380
1989 2010381
1423 2010382
1424 2010383
1425 2010384
1426 2010385
1427 2010386
1990 2010387
1428 2010388
1429 2010389
1430 2010390
1431 2010391
1432 2010392
1433 2010393
1434 2010394
1435 2010395
1436 2010396
1437 2010397
1438 2010398
1439 2010399
1440 2010400
1441 2010401
1442 2010402
1443 2010403
1444 2010404
1445 2010405
1446 2010406
1447 2010407
1448 2010408
1449 2010409
1450 2010410
1451 2010411
1452 2010412
1453 2010413
1454 2010414
1455 2010415
1456 2010416
1776 2010417
1991 2010418
1457 2010419
1458 2010420
1459 2010421
1460 2010422
1992 2010423
1461 2010424
1462 2010425
1993 2010426
1463 2010427
1464 2010428
1465 2010429
1466 2010430
1467 2010431
1468 2010432
1994 2010433
1995 2010434
1469 2010435
1996 2010436
1470 2010437
1997 2010438
1998 2010439
1999 2010440
2000 2010441
2001 2010442
2002 2010443
2003 2010444
1471 2010445
1472 2010446
1473 2010447
1474 2010448
1475 2010449
1476 2010450
1477 2010451
1478 2010452
2004 2010453
1479 2010454
1480 2010455
1481 2010456
1482 2010457
1483 2010458
1484 2010459
1485 2010460
2005 2010461
1486 2010462
1487 2010463
1488 2010464
1489 2010465
1490 2010466
1491 2010467
1492 2010468
1493 2010469
1494 2010470
1495 2010471
1496 2010472
1497 2010473
1498 2010474
1499 2010475
1500 2010476
1501 2010477
1502 2010478
1503 2010479
1504 2010480
1505 2010481
1506 2010482
1507 2010483
1508 2010484
1509 2010485
1510 2010486
1511 2010487
1512 2010488
1513 2010489
1514 2010490
1515 2010491
1516 2010492
1517 2010493
1518 2010494
1519 2010495
1520 2010496
2096 2010497
1521 2010498
1522 2010499
1523 2010500
2006 2010501
1524 2010502
1525 2010503
1526 2010504
1527 2010505
1528 2010506
1529 2010507
1530 2010508
1531 2010509
1532 2010510
1533 2010511
1534 2010512
2007 2010513
1535 2010514
1536 2010515
1537 2010516
1538 2010517
1539 2010518
1540 2010519
1541 2010520
1542 2010521
1543 2010522
1544 2010523
2008 2010524
1545 2010525
1546 2010526
1547 2010527
2009 2010528
1548 2010529
1549 2010530
1550 2010531
1551 2010532
1777 2010533
1778 2010534
1552 2010535
1779 2010536
1553 2010537
1554 2010538
1555 2010539
1556 2010540
1557 2010541
1558 2010542
1559 2010543
1560 2010544
1561 2010545
1562 2010546
1563 2010547
1564 2010548
1565 2010549
1566 2010550
1567 2010551
1568 2010552
1569 2010553
1570 2010554
1571 2010555
1572 2010556
1780 2010557
1573 2010558
1574 2010559
1575 2010560
2010 2010561
1576 2010562
1577 2010563
1578 2010564
1579 2010565
1781 2010566
1580 2010567
1581 2010568
1582 2010569
1583 2010570
1584 2010571
1585 2010572
1586 2010573
1587 2010574
1588 2010575
1589 2010576
1590 2010577
1591 2010578
1592 2010579
1593 2010580
1594 2010581
1595 2010582
1596 2010583
1597 2010584
1598 2010585
1599 2010586
1600 2010587
1601 2010588
1602 2010589
1603 2010590
2011 2010591
1604 2010592
1605 2010593
1606 2010594
1607 2010595
1608 2010596
1609 2010597
1610 2010598
1611 2010599
1612 2010600
2080 2010601
1613 2010602
1614 2010603
1615 2010604
1616 2010605
1617 2010606
1618 2010607
1619 2010608
1620 2010609
1782 2010610
1621 2010611
1622 2010612
1623 2010613
1624 2010614
1625 2010615
1626 2010616
1627 2010617
1628 2010618
1629 2010619
1783 2010620
1630 2010621
1631 2010622
1632 2010623
1633 2010624
1634 2010625
1635 2010626
1636 2010627
1637 2010628
1638 2010629
1639 2010630
1640 2010631
1641 2010632
1784 2010633
1642 2010634
1643 2010635
2012 2010636
1644 2010637
1645 2010638
1785 2010639
1786 2010640
1787 2010641
1646 2010642
1647 2010643
1788 2010644
1648 2010645
1820 2010646
1649 2010647
1650 2010648
1651 2010649
1652 2010650
1653 2010651
1789 2010652
1790 2010653
1654 2010654
1655 2010655
1791 2010656
1656 2010657
1657 2010658
1658 2010659
1659 2010660
1660 2010661
1661 2010662
1662 2010663
1792 2010664
1663 2010665
451 20093
452 20094
1821 20095
453 20096
1822 20097
454 20098
455 20099
1118 20103
1119 20104
1120 20106
1121 20107
1122 20108
1123 20109
456 200910
457 200911
1823 200912
458 200913
459 200914
1793 200915
1794 200916
1795 200917
460 200918
461 200919
462 200920
463 200921
464 200922
465 200923
466 200924
467 200925
468 200926
469 200927
1824 200928
470 200929
471 200930
1664 200931
1665 200932
1666 200933
472 200934
473 200935
474 200936
475 200937
476 200938
477 200939
478 200940
479 200941
1825 200942
480 200943
481 200944
482 200945
1796 200946
483 200947
484 200948
485 200949
486 200950
487 200951
488 200952
1667 200953
1668 200954
489 200955
490 200956
491 200957
1826 200958
492 200959
493 200960
494 200961
495 200962
496 200963
497 200964
498 200965
499 200966
500 200967
501 200968
502 200969
503 200970
1827 200971
504 200972
1669 200973
1670 200974
1671 200975
1672 200976
1673 200977
1674 200978
505 200979
506 200980
507 200981
508 200982
509 200983
510 200984
511 200985
512 200986
513 200987
1675 200988
514 200989
515 200990
516 200991
1828 200992
517 200993
518 200994
519 200995
520 200996
1829 200997
1830 200998
521 200999
1124 201010
1125 201011
1126 201012
1127 201013
1735 201014
1128 201015
1129 201016
1130 201017
1131 201018
1132 201019
1133 201020
1134 201021
1135 201022
1136 201023
1137 201024
1138 201025
1139 201026
1140 201027
1141 201028
1142 201029
1143 201030
1144 201031
1145 201032
1146 201033
1147 201034
1148 201035
1149 201036
1150 201037
1151 201038
1152 201039
1153 201040
1154 201041
1155 201042
1156 201043
1157 201044
1158 201045
1969 201046
1159 201047
1160 201048
1970 201049
1161 201050
1162 201051
1163 201052
1164 201053
1165 201054
1166 201055
1971 201056
1167 201057
1168 201058
1169 201059
1170 201060
1171 201061
1172 201062
1173 201063
1174 201064
1175 201065
1176 201066
1177 201067
1178 201068
1179 201069
1180 201070
1181 201071
1182 201072
1183 201073
1184 201074
1185 201075
1972 201076
1186 201077
1187 201078
1188 201079
1189 201080
1190 201081
1191 201082
1192 201083
1193 201084
1194 201085
1195 201086
1196 201087
1197 201088
1198 201089
1199 201090
1200 201091
1201 201092
1973 201093
1202 201094
1203 201095
1204 201096
1205 201097
1206 201098
1207 201099
