1995 2011542
681 2011543
1996 2011544
1295 2011545
1424 201114
1997 2011547
1998 2011548
1606 2011549
1970 201118
1608 2011551
1609 2011552
1999 2011553
2000 2011554
683 2011555
1610 2011556
448 201125
1611 2011558
1431 201127
1971 201128
1612 2011561
1613 2011562
1433 201131
1614 2011564
1435 201133
1615 2011566
1616 2011567
1617 2011568
451 201137
1437 201138
1619 2011571
1972 201140
1621 2011573
1440 201142
1441 201143
1442 201144
1443 201145
1622 2011578
2039 2011579
1445 201148
1623 2011581
1234 201150
2035 201151
2001 2011584
1625 2011585
2002 2011586
1449 201155
1296 2011588
1626 2011589
1627 2011590
1628 2011591
1450 201160
1451 201161
2003 2011594
1452 201163
1453 201164
1454 201165
1629 2011598
458 201167
459 201168
1630 2011601
461 201170
1456 201171
1457 201172
462 201173
463 201174
1458 201175
709 2011608
464 201177
465 201178
466 201179
1631 2011612
1632 2011613
1461 201182
468 201183
1297 2011616
2004 2011617
1298 2011618
1299 2011619
1633 2011620
472 201189
1408 201190
1464 201191
1465 201192
1634 2011625
473 201194
1635 2011627
2028 2011628
476 201197
2005 2011630
1412 2011631
1642 2011642
904 201211
905 201212
1643 2011645
907 201214
908 201215
909 201216
1740 201217
1741 201218
910 201219
1644 2011652
1645 2011653
1742 201222
1744 201224
1389 2011657
913 201226
914 201227
1746 201228
1648 2011661
1747 201230
1323 201231
1748 201232
1415 201233
1393 201234
1649 2011668
1749 201237
1750 201238
916 201239
2007 2011672
918 201241
919 201242
1650 2011675
1651 2011676
1751 201245
1752 201246
2037 2011679
1753 201248
1653 2011681
924 201250
925 201252
2042 201253
1754 201254
1324 201255
926 201256
2012 201257
2029 2011690
928 201259
1755 201260
1658 2011693
1659 2011694
1756 201263
1757 201264
1758 201265
1663 2011698
932 201267
933 201268
1664 2011701
935 201270
936 201271
1759 201272
937 201273
1760 201274
1761 201275
1762 201276
1666 2011709
1763 201278
939 201279
940 201280
941 201281
1668 2011714
1764 201283
1765 201284
943 201285
944 201286
1669 2011719
1766 201288
946 201289
947 201290
1670 2011723
948 201292
949 201293
1768 201294
1769 201295
950 201296
951 201297
952 201298
953 201299
1420 20113
1421 20114
1225 20115
1226 20116
1422 20117
445 20118
1227 20119
899 20123
1737 20124
1738 20125
1739 20126
900 20127
901 20128
902 20129
1467 2011100
1468 2011101
479 2011102
1469 2011103
480 2011104
1470 2011105
1235 2011106
1383 2011107
481 2011108
482 2011109
483 2011110
1471 2011111
1472 2011112
1473 2011114
1474 2011115
1475 2011116
484 2011117
485 2011118
1476 2011119
1477 2011120
1384 2011121
1478 2011122
1236 2011123
486 2011124
487 2011125
488 2011126
489 2011127
1479 2011128
1480 2011129
1237 2011130
490 2011131
1481 2011132
491 2011133
1482 2011134
492 2011135
1483 2011136
1484 2011137
1485 2011138
1486 2011139
493 2011140
1487 2011141
494 2011142
1488 2011143
1489 2011144
495 2011145
2040 2011146
496 2011147
1490 2011148
1491 2011149
497 2011150
498 2011151
499 2011152
500 2011153
501 2011154
502 2011155
503 2011156
504 2011157
505 2011158
506 2011159
507 2011160
1492 2011161
1493 2011162
508 2011163
1494 2011164
509 2011165
1495 2011166
510 2011167
1496 2011168
1497 2011169
1498 2011170
1499 2011171
1500 2011172
511 2011173
512 2011174
513 2011175
514 2011176
1501 2011177
1502 2011178
1503 2011179
1504 2011180
1505 2011181
515 2011182
516 2011183
517 2011184
1506 2011185
1507 2011186
1508 2011187
518 2011188
1509 2011189
1510 2011190
519 2011191
1511 2011192
1512 2011193
1966 2011194
520 2011195
521 2011196
2024 2011197
522 2011198
1513 2011199
523 2011200
1514 2011201
1515 2011202
1516 2011203
524 2011204
525 2011205
526 2011206
527 2011207
1517 2011208
1518 2011209
528 2011210
529 2011211
530 2011212
1519 2011213
1520 2011214
531 2011215
1521 2011216
1522 2011217
1523 2011218
532 2011219
533 2011220
534 2011221
1524 2011222
535 2011223
1525 2011224
1526 2011225
536 2011226
537 2011227
538 2011228
539 2011229
540 2011230
541 2011231
542 2011232
543 2011233
544 2011234
1527 2011235
1528 2011236
1529 2011237
1530 2011238
545 2011239
546 2011240
547 2011241
548 2011242
549 2011243
550 2011244
551 2011245
552 2011246
553 2011247
1531 2011248
1532 2011249
1533 2011250
1534 2011251
1535 2011252
554 2011253
555 2011254
556 2011255
557 2011256
558 2011257
559 2011258
1238 2011259
1239 2011260
1240 2011261
1536 2011262
1537 2011263
1241 2011264
560 2011265
561 2011266
1538 2011267
562 2011268
563 2011269
1539 2011270
1540 2011271
1541 2011272
1242 2011273
1542 2011274
564 2011275
565 2011276
1543 2011277
566 2011278
567 2011279
568 2011280
569 2011281
570 2011282
571 2011283
572 2011284
1544 2011285
1243 2011286
573 2011287
1545 2011288
1244 2011289
1546 2011290
574 2011291
575 2011292
576 2011293
1245 2011294
1409 2011295
1246 2011296
1247 2011297
577 2011298
1248 2011299
578 2011300
579 2011301
580 2011302
581 2011303
582 2011304
1547 2011305
583 2011306
584 2011307
585 2011308
586 2011309
587 2011310
588 2011311
1249 2011312
1548 2011313
1549 2011314
1550 2011315
1551 2011316
589 2011317
590 2011318
591 2011319
1552 2011320
592 2011321
1967 2011322
593 2011323
1553 2011324
1554 2011325
1555 2011326
1556 2011327
594 2011328
1250 2011329
1557 2011330
1558 2011331
1559 2011332
1560 2011333
1251 2011334
1561 2011335
1562 2011336
1252 2011337
1253 2011338
1973 2011339
1563 2011340
1564 2011341
1565 2011342
1410 2011343
595 2011344
596 2011345
1566 2011346
1254 2011347
1255 2011348
1256 2011349
1257 2011350
597 2011351
1567 2011352
1258 2011353
598 2011354
599 2011355
600 2011356
1568 2011357
2036 2011358
601 2011359
1569 2011360
602 2011361
2025 2011362
1974 2011363
2026 2011364
603 2011365
1975 2011366
604 2011367
1976 2011368
1259 2011369
2041 2011370
2027 2011371
1977 2011372
1978 2011373
1979 2011374
1980 2011375
1570 2011376
605 2011377
1571 2011378
1260 2011379
1981 2011380
606 2011381
607 2011382
608 2011383
1261 2011384
1982 2011385
1572 2011386
1573 2011387
609 2011388
1574 2011389
610 2011390
1575 2011391
611 2011392
612 2011393
1262 2011394
1983 2011395
1263 2011396
1264 2011397
613 2011398
1984 2011399
614 2011400
1576 2011401
615 2011402
616 2011403
617 2011404
618 2011405
1577 2011406
1578 2011407
1579 2011408
1580 2011409
619 2011410
620 2011411
621 2011412
1265 2011413
622 2011414
623 2011415
624 2011416
625 2011417
626 2011418
627 2011419
628 2011420
629 2011421
1581 2011422
1582 2011423
630 2011424
1583 2011425
1584 2011426
1266 2011427
1267 2011428
631 2011429
1268 2011430
1385 2011431
1269 2011432
632 2011433
633 2011434
634 2011435
635 2011436
1270 2011437
636 2011438
1271 2011439
637 2011440
1968 2011441
638 2011442
639 2011443
1272 2011444
640 2011445
641 2011446
1585 2011447
1586 2011448
1273 2011449
1274 2011450
642 2011451
1275 2011452
643 2011453
644 2011454
645 2011455
1276 2011456
1277 2011457
1278 2011458
1279 2011459
1280 2011460
1281 2011461
1282 2011462
1283 2011463
1587 2011464
1284 2011465
646 2011466
1285 2011467
1985 2011468
1286 2011469
1287 2011470
1588 2011471
1288 2011472
647 2011473
1986 2011474
1289 2011475
1290 2011476
1589 2011477
1291 2011478
1386 2011479
1292 2011480
648 2011481
649 2011482
1293 2011483
1294 2011484
1590 2011485
1591 2011486
1592 2011487
1987 2011488
1593 2011489
650 2011490
651 2011491
652 2011492
1988 2011493
653 2011494
654 2011495
1989 2011496
655 2011497
1990 2011498
656 2011499
1991 2011500
1594 2011501
657 2011502
1595 2011503
658 2011504
659 2011505
660 2011506
1411 2011507
661 2011508
1596 2011509
1992 2011510
662 2011511
663 2011512
664 2011513
665 2011514
666 2011515
1597 2011516
1598 2011517
667 2011518
1599 2011519
668 2011520
669 2011521
670 2011522
671 2011523
672 2011524
673 2011525
674 2011526
1600 2011527
675 2011528
676 2011529
677 2011530
1601 2011531
1602 2011532
678 2011533
1993 2011534
1387 2011535
1603 2011536
1994 2011537
1604 2011538
679 2011539
1605 2011540
680 2011541
1969 201110
1423 201111
1228 201112
446 201113
682 2011546
1425 201115
1426 201116
1229 201117
1607 2011550
447 201119
1427 201120
1428 201121
1230 201122
1231 201123
1429 201124
684 2011557
1430 201126
685 2011559
686 2011560
449 201129
1432 201130
687 2011563
1434 201132
688 2011565
1232 201134
1436 201135
450 201136
689 2011569
1618 2011570
1438 201139
1620 2011572
1439 201141
690 2011574
691 2011575
692 2011576
693 2011577
1233 201146
1444 201147
694 2011580
1446 201149
695 2011582
1624 2011583
1447 201152
1448 201153
452 201154
696 2011587
453 201156
454 201157
455 201158
456 201159
1388 2011592
697 2011593
457 201162
698 2011595
699 2011596
700 2011597
1455 201166
701 2011599
702 2011600
460 201169
703 2011602
704 2011603
705 2011604
706 2011605
707 2011606
708 2011607
1459 201176
710 2011609
711 2011610
712 2011611
1460 201180
467 201181
713 2011614
714 2011615
469 201184
1462 201185
470 201186
471 201187
1463 201188
715 2011621
716 2011622
717 2011623
718 2011624
1466 201193
719 2011626
474 201195
475 201196
720 2011629
477 201198
478 201199
1636 2011632
2006 2011633
1637 2011634
1638 2011635
1639 2011636
1640 2011637
721 2011638
722 2011639
1641 2011640
723 2011641
903 201210
724 2011643
725 2011644
906 201213
726 2011646
727 2011647
728 2011648
729 2011649
730 2011650
731 2011651
911 201220
912 201221
732 2011654
1743 201223
1646 2011656
1745 201225
733 2011658
734 2011659
1647 2011660
1322 201229
1300 2011662
1301 2011663
1302 2011664
1390 2011665
735 2011666
1394 201235
915 201236
736 2011669
737 2011670
738 2011671
917 201240
739 2011673
740 2011674
920 201243
921 201244
1652 2011677
741 2011678
922 201247
742 2011680
923 201249
743 2011682
744 2011683
745 2011684
1654 2011685
1655 2011686
746 2011687
747 2011688
1656 2011689
927 201258
748 2011691
1657 2011692
929 201261
930 201262
1660 2011695
1661 2011696
1662 2011697
931 201266
749 2011699
750 2011700
934 201269
751 2011702
752 2011703
1665 2011704
753 2011705
754 2011706
755 2011707
756 2011708
938 201277
1667 2011710
757 2011711
758 2011712
759 2011713
942 201282
760 2011715
761 2011716
762 2011717
763 2011718
945 201287
764 2011720
765 2011721
766 2011722
1767 201291
767 2011724
768 2011725
769 2011726
770 2011727
771 2011728
772 2011729
773 2011730
774 2011731
775 2011732
776 2011733
1671 2011734
777 2011735
778 2011736
779 2011737
780 2011738
1672 2011739
1673 2011740
781 2011741
1303 2011742
1304 2011743
1305 2011744
1674 2011745
1306 2011746
1675 2011747
1307 2011748
1308 2011749
1309 2011750
1310 2011751
1311 2011752
1312 2011753
1313 2011754
1314 2011755
2008 2011756
782 2011757
1676 2011758
1677 2011759
1391 2011760
783 2011761
784 2011762
1678 2011763
785 2011764
786 2011765
1679 2011766
1680 2011767
787 2011768
788 2011769
1681 2011770
1682 2011771
789 2011772
790 2011773
791 2011774
792 2011775
793 2011776
794 2011777
795 2011778
1315 2011779
1683 2011780
796 2011781
797 2011782
1684 2011783
798 2011784
799 2011785
800 2011786
801 2011787
802 2011788
1685 2011789
1686 2011790
1687 2011791
1688 2011792
803 2011793
1689 2011794
804 2011795
805 2011796
806 2011797
807 2011798
808 2011799
809 2011800
810 2011801
811 2011802
1690 2011803
812 2011804
813 2011805
814 2011806
815 2011807
816 2011808
817 2011809
818 2011810
1691 2011811
1692 2011812
1693 2011813
819 2011814
820 2011815
821 2011816
822 2011817
823 2011818
1413 2011819
824 2011820
825 2011821
826 2011822
1316 2011823
827 2011824
828 2011825
1694 2011826
1317 2011827
829 2011828
830 2011829
831 2011830
832 2011831
833 2011832
834 2011833
1695 2011834
835 2011835
836 2011836
1696 2011837
837 2011838
1697 2011839
1698 2011840
1699 2011841
1392 2011842
1700 2011843
1701 2011844
1702 2011845
838 2011846
839 2011847
840 2011848
841 2011849
842 2011850
843 2011851
844 2011852
845 2011853
846 2011854
1703 2011855
1704 2011856
1705 2011857
1706 2011858
847 2011859
1707 2011860
848 2011861
849 2011862
850 2011863
851 2011864
852 2011865
853 2011866
854 2011867
1708 2011868
855 2011869
856 2011870
857 2011871
858 2011872
859 2011873
860 2011874
861 2011875
1709 2011876
1710 2011877
862 2011878
1711 2011879
1712 2011880
863 2011881
864 2011882
865 2011883
866 2011884
867 2011885
868 2011886
869 2011887
870 2011888
1713 2011889
1318 2011890
871 2011891
1714 2011892
1715 2011893
1716 2011894
1717 2011895
872 2011896
873 2011897
874 2011898
875 2011899
876 2011900
1319 2011901
877 2011902
878 2011903
1718 2011904
1320 2011905
1321 2011906
1414 2011907
1719 2011909
1720 2011910
1721 2011911
1722 2011912
879 2011913
880 2011914
881 2011915
1723 2011916
882 2011917
1724 2011918
1725 2011919
883 2011920
884 2011921
885 2011922
1726 2011923
886 2011924
887 2011925
888 2011926
889 2011927
890 2011928
891 2011929
892 2011930
2009 2011931
2010 2011932
893 2011933
1727 2011934
894 2011935
895 2011936
2011 2011937
896 2011938
1728 2011939
1729 2011940
1730 2011941
1731 2011942
897 2011943
1732 2011944
898 2011945
1733 2011946
1734 2011947
1735 2011948
1736 2011949
954 2012100
955 2012101
1770 2012102
956 2012103
957 2012104
1771 2012105
958 2012106
959 2012107
1772 2012108
1395 2012109
1396 2012110
1397 2012111
1773 2012112
1774 2012113
960 2012114
1775 2012115
1776 2012116
961 2012117
1777 2012118
2013 2012119
962 2012120
1778 2012121
1779 2012122
1780 2012123
1781 2012124
1782 2012125
1783 2012126
1784 2012127
1398 2012128
963 2012129
964 2012130
1785 2012131
1399 2012132
2014 2012133
2030 2012134
2031 2012135
1786 2012136
1787 2012137
1788 2012138
2015 2012139
1789 2012140
965 2012141
966 2012142
967 2012143
968 2012144
1790 2012145
1791 2012146
969 2012147
1792 2012148
1793 2012149
1794 2012150
2016 2012151
1795 2012152
1796 2012153
1797 2012154
1798 2012155
1400 2012156
970 2012157
971 2012158
972 2012159
1799 2012160
1800 2012161
1801 2012162
1802 2012163
1803 2012164
1325 2012165
1804 2012166
973 2012167
974 2012168
975 2012169
1326 2012170
1327 2012171
1328 2012172
1805 2012173
1806 2012174
1807 2012175
976 2012176
977 2012177
1808 2012178
1809 2012179
978 2012180
1810 2012181
979 2012182
980 2012183
1401 2012184
1329 2012185
981 2012186
1811 2012187
1812 2012188
1330 2012189
1331 2012190
982 2012191
983 2012192
1813 2012193
1814 2012194
984 2012195
1332 2012196
1333 2012197
985 2012198
986 2012199
987 2012200
988 2012201
989 2012202
1815 2012203
1816 2012204
990 2012205
1817 2012206
991 2012207
1334 2012208
1818 2012209
1335 2012210
1819 2012211
1402 2012212
992 2012213
993 2012214
994 2012215
1820 2012216
995 2012217
996 2012218
997 2012219
998 2012220
1821 2012221
1822 2012222
1823 2012223
999 2012224
1824 2012225
1000 2012226
1001 2012227
1002 2012228
1825 2012229
1003 2012230
1004 2012231
1005 2012232
1826 2012233
1006 2012234
2017 2012235
1007 2012236
1827 2012237
2018 2012238
1008 2012239
1009 2012240
1010 2012241
1336 2012242
1337 2012243
1338 2012244
1011 2012245
1339 2012246
1828 2012247
1012 2012248
1340 2012249
1013 2012250
1829 2012251
1014 2012252
1015 2012253
1016 2012254
1341 2012255
1342 2012256
1830 2012257
1017 2012258
1018 2012259
1343 2012260
1019 2012261
2019 2012262
1831 2012263
1832 2012264
1833 2012265
1834 2012266
1344 2012267
1835 2012268
1020 2012269
1021 2012270
1022 2012271
1345 2012272
1023 2012273
1024 2012274
1836 2012275
1025 2012276
1026 2012277
1027 2012278
1028 2012279
1029 2012280
1346 2012281
1837 2012282
1030 2012283
1031 2012284
1347 2012285
1032 2012286
1033 2012287
1838 2012288
1839 2012289
1034 2012290
1035 2012291
1840 2012292
1841 2012293
1842 2012294
1843 2012295
1844 2012296
1845 2012297
2020 2012298
2034 2012299
1036 2012300
1037 2012301
1846 2012302
1847 2012303
1848 2012304
1849 2012305
1038 2012306
1850 2012307
1416 2012308
1039 2012309
2032 2012310
1040 2012311
1851 2012312
1041 2012313
1852 2012314
1853 2012315
1042 2012316
1043 2012317
1044 2012318
1045 2012319
1854 2012320
1046 2012321
1855 2012322
1856 2012323
1857 2012324
1047 2012325
1858 2012326
1048 2012327
1049 2012328
1348 2012329
1050 2012330
1051 2012331
1052 2012332
1859 2012333
1860 2012334
1053 2012335
1349 2012336
1054 2012337
1055 2012338
1056 2012339
1861 2012340
1057 2012341
1058 2012342
1059 2012343
1060 2012344
1061 2012345
1062 2012346
1862 2012347
1063 2012348
1863 2012349
1864 2012350
1064 2012351
1865 2012352
1065 2012353
2021 2012354
1866 2012355
1066 2012356
1867 2012357
2022 2012358
1868 2012359
1869 2012360
2023 2012361
1870 2012362
1871 2012363
1872 2012364
1873 2012365
1874 2012366
1875 2012367
1876 2012368
1877 2012369
1878 2012370
1879 2012371
1880 2012372
2038 2012373
2033 2012374
1881 2012375
1882 2012376
1067 2012377
1068 2012378
1883 2012379
1069 2012380
1884 2012381
1885 2012382
1350 2012383
1886 2012384
1887 2012385
1888 2012386
1889 2012387
1890 2012388
1070 2012389
1071 2012390
1417 2012391
1072 2012392
1073 2012393
1074 2012394
1075 2012395
1076 2012396
1891 2012397
1892 2012398
1403 2012399
1077 2012400
1893 2012401
1894 2012402
1895 2012403
1078 2012404
1079 2012405
1080 2012406
1896 2012407
1081 2012408
1082 2012409
1897 2012410
1083 2012411
1084 2012412
1085 2012413
1086 2012414
1351 2012415
1352 2012416
1353 2012417
1354 2012418
1355 2012419
1356 2012420
1898 2012421
1357 2012422
1087 2012423
1358 2012424
1359 2012425
1088 2012426
1360 2012427
1361 2012428
1362 2012429
1899 2012430
1900 2012431
1363 2012432
1364 2012433
1089 2012434
1365 2012435
1901 2012436
1366 2012437
1902 2012438
1367 2012439
1368 2012440
1369 2012441
1370 2012442
1903 2012443
1904 2012444
1090 2012445
1905 2012446
1906 2012447
1091 2012448
1907 2012449
1908 2012450
1092 2012451
1093 2012452
1094 2012453
1095 2012454
1096 2012455
1097 2012456
1909 2012457
1098 2012458
1910 2012459
1099 2012460
1371 2012461
1100 2012462
1372 2012463
1101 2012464
1102 2012465
1103 2012466
1911 2012467
1104 2012468
1105 2012469
1106 2012470
1107 2012471
1108 2012472
1109 2012473
1912 2012474
1110 2012475
1913 2012476
1111 2012477
1112 2012478
1113 2012479
1114 2012480
1914 2012481
1915 2012482
1115 2012483
1916 2012484
1116 2012485
1917 2012486
1117 2012487
1418 2012488
1918 2012489
1118 2012490
1919 2012491
1920 2012492
1921 2012493
1119 2012494
1120 2012495
1922 2012496
1121 2012497
1122 2012498
1923 2012499
1924 2012500
1123 2012501
1124 2012502
1125 2012503
1925 2012504
1126 2012505
1127 2012506
1128 2012507
1926 2012508
1129 2012509
1373 2012510
1130 2012511
1131 2012512
1927 2012513
1928 2012514
1132 2012515
1374 2012516
1375 2012517
1376 2012518
1377 2012519
1378 2012520
1929 2012521
1930 2012522
1133 2012523
1404 2012524
1379 2012525
1931 2012526
1932 2012527
1933 2012528
1134 2012529
1135 2012530
1934 2012531
1136 2012532
1137 2012533
1138 2012534
1139 2012535
1140 2012536
1141 2012537
1142 2012538
1935 2012539
1143 2012540
1380 2012541
1936 2012542
1937 2012543
1938 2012544
1144 2012545
1939 2012546
1940 2012547
1145 2012548
1146 2012549
1941 2012550
1147 2012551
1148 2012552
1942 2012553
1149 2012554
1150 2012555
1151 2012556
1152 2012557
1943 2012558
1944 2012559
1153 2012560
1945 2012561
1154 2012562
1155 2012563
1156 2012564
1157 2012565
1158 2012566
1381 2012567
1159 2012568
1405 2012569
1946 2012570
1160 2012571
1947 2012572
1161 2012573
1162 2012574
2043 2012575
1163 2012576
1164 2012577
1165 2012578
1166 2012579
1167 2012580
1948 2012581
1949 2012582
1950 2012583
1168 2012584
1169 2012585
1170 2012586
1171 2012587
1172 2012588
1173 2012589
1174 2012590
1175 2012591
1176 2012592
1177 2012593
1178 2012594
1179 2012595
1180 2012596
1181 2012597
1182 2012598
1183 2012599
1951 2012600
1184 2012601
1952 2012602
1953 2012603
1954 2012604
1185 2012605
1955 2012606
1186 2012607
1187 2012608
1188 2012609
1189 2012610
1190 2012611
1191 2012612
1192 2012613
1193 2012614
1194 2012615
1195 2012616
1196 2012617
1956 2012618
1197 2012619
1198 2012620
1199 2012621
1200 2012622
1957 2012623
1201 2012624
1202 2012625
1958 2012626
1203 2012627
1204 2012628
1959 2012629
1382 2012630
1406 2012631
1960 2012632
1205 2012633
1206 2012634
1207 2012635
1208 2012636
1961 2012637
1209 2012638
1962 2012639
1963 2012640
1210 2012641
1211 2012642
1212 2012643
1213 2012644
1214 2012645
1215 2012646
1216 2012647
1217 2012648
1218 2012649
1219 2012650
1964 2012651
1220 2012652
1407 2012653
1221 2012654
1419 2012655
1222 2012656
1965 2012657
1223 2012658
1224 2012659
