1604 2013184
1187 2013185
537 2013186
1188 2013187
1189 2013188
538 2013189
539 2013190
1190 2013191
540 2013192
1191 2013193
1605 2013194
541 2013195
1192 2013196
542 2013197
543 2013198
544 2013199
545 2013200
1193 2013201
546 2013202
1597 2013203
1070 2013204
1071 2013205
1194 2013206
1195 2013207
1072 2013208
1196 2013209
1073 2013210
1074 2013211
1197 2013212
1586 2013213
1198 2013214
547 2013215
548 2013216
1199 2013217
549 2013218
550 2013219
1200 2013220
1201 2013221
1202 2013222
551 2013223
1203 2013224
1204 2013225
1205 2013226
552 2013227
553 2013228
554 2013229
1206 2013230
1207 2013231
1208 2013232
1209 2013233
1210 2013234
1211 2013235
1075 2013236
555 2013237
556 2013238
557 2013239
558 2013240
1587 2013241
1212 2013242
559 2013243
1213 2013244
560 2013245
1214 2013246
1076 2013247
561 2013248
562 2013249
563 2013250
564 2013251
565 2013252
1588 2013253
566 2013254
567 2013255
568 2013256
569 2013257
1215 2013258
1216 2013259
570 2013260
1589 2013261
1217 2013262
1077 2013263
1078 2013264
1590 2013265
1079 2013266
571 2013267
1218 2013268
1219 2013269
1220 2013270
572 2013271
1080 2013272
1606 2013273
573 2013274
1221 2013275
574 2013276
1222 2013277
575 2013278
1223 2013279
576 2013280
1224 2013281
1225 2013282
577 2013283
1226 2013284
578 2013285
579 2013286
580 2013287
1227 2013288
1228 2013289
1638 2013290
1637 2013291
581 2013292
1229 2013293
582 2013294
1230 2013295
1231 2013296
1232 2013297
583 2013298
584 2013299
1233 2013300
1234 2013301
585 2013302
1235 2013303
586 2013304
587 2013305
588 2013306
1236 2013307
589 2013308
590 2013309
1237 2013310
1238 2013311
1633 2013312
1239 2013313
591 2013314
1081 2013315
1082 2013316
1629 2013317
592 2013318
593 2013319
1591 2013320
1240 2013321
594 2013322
1083 2013323
595 2013324
596 2013325
1592 2013326
1084 2013327
597 2013328
1241 2013329
598 2013330
1085 2013331
1086 2013332
1242 2013333
1243 2013334
1244 2013335
599 2013336
1245 2013337
1593 2013338
1087 2013339
600 2013340
1088 2013341
1246 2013342
601 2013343
602 2013344
603 2013345
604 2013346
1247 2013347
605 2013348
606 2013349
1089 2013350
607 2013351
608 2013352
1090 2013353
1091 2013354
1092 2013355
1093 2013356
609 2013357
1248 2013358
610 2013359
611 2013360
1598 2013361
612 2013362
613 2013363
614 2013364
615 2013365
616 2013366
617 2013367
618 2013368
1249 2013369
1250 2013370
619 2013371
1251 2013372
1252 2013373
1253 2013374
620 2013375
1254 2013376
1255 2013377
1256 2013378
1257 2013379
1258 2013380
621 2013381
622 2013382
623 2013383
624 2013384
625 2013385
1259 2013386
626 2013387
1260 2013388
627 2013389
628 2013390
629 2013391
630 2013392
631 2013393
632 2013394
633 2013395
634 2013396
635 2013397
1261 2013398
1262 2013399
1263 2013400
636 2013401
637 2013402
638 2013403
639 2013404
640 2013405
1264 2013406
1265 2013407
641 2013408
642 2013409
643 2013410
644 2013411
645 2013412
646 2013413
647 2013414
1266 2013415
1267 2013416
1268 2013417
1269 2013418
648 2013419
1270 2013420
649 2013421
1271 2013422
1272 2013423
1641 2013424
1273 2013425
1274 2013426
650 2013427
1275 2013428
651 2013429
652 2013430
653 2013431
654 2013432
655 2013433
656 2013434
657 2013435
658 2013436
659 2013437
660 2013438
1276 2013439
1277 2013440
1278 2013441
661 2013442
1279 2013443
1280 2013444
662 2013445
663 2013446
664 2013447
665 2013448
1281 2013449
1282 2013450
666 2013451
1283 2013452
1284 2013453
1285 2013454
1286 2013455
1287 2013456
1288 2013457
1289 2013458
1290 2013459
667 2013460
1291 2013461
1292 2013462
1293 2013463
1294 2013464
1295 2013465
1296 2013466
1297 2013467
1298 2013468
668 2013469
1299 2013470
1300 2013471
1301 2013472
1302 2013473
1303 2013474
669 2013475
670 2013476
1304 2013477
1305 2013478
1306 2013479
671 2013480
1307 2013481
1308 2013482
1309 2013483
1310 2013484
1311 2013485
672 2013486
1312 2013487
1313 2013488
673 2013489
1314 2013490
1315 2013491
1316 2013492
1317 2013493
1318 2013494
1319 2013495
1320 2013496
1094 2013497
674 2013498
1321 2013499
1322 2013500
675 2013501
676 2013502
677 2013503
678 2013504
679 2013505
680 2013506
1323 2013507
1324 2013508
681 2013509
1325 2013510
682 2013511
683 2013512
684 2013513
685 2013514
686 2013515
687 2013516
1326 2013517
1327 2013518
688 2013519
689 2013520
1328 2013521
690 2013522
691 2013523
692 2013524
1329 2013525
693 2013526
694 2013527
1330 2013528
1331 2013529
695 2013530
696 2013531
697 2013532
698 2013533
1332 2013534
699 2013535
700 2013536
1333 2013537
701 2013538
1334 2013539
1335 2013540
1336 2013541
702 2013542
1337 2013543
1095 2013544
1096 2013545
1338 2013546
1339 2013547
1340 2013548
1341 2013549
1342 2013550
703 2013551
704 2013552
705 2013553
706 2013554
707 2013555
708 2013556
1343 2013557
1344 2013558
1345 2013559
709 2013560
1097 2013561
710 2013562
1346 2013563
711 2013564
712 2013565
713 2013566
714 2013567
715 2013568
716 2013569
717 2013570
1347 2013571
1098 2013572
1099 2013573
1100 2013574
718 2013575
719 2013576
720 2013577
1348 2013578
1349 2013579
1350 2013580
721 2013581
722 2013582
1351 2013583
723 2013584
724 2013585
725 2013586
726 2013587
727 2013588
728 2013589
729 2013590
730 2013591
731 2013592
732 2013593
1352 2013594
733 2013595
734 2013596
735 2013597
736 2013598
1353 2013599
1354 2013600
737 2013601
1355 2013602
1356 2013603
738 2013604
1357 2013605
739 2013606
740 2013607
1358 2013608
1639 2013609
741 2013610
1359 2013611
1360 2013612
742 2013613
743 2013614
744 2013615
1361 2013616
745 2013617
746 2013618
747 2013619
1362 2013620
1101 2013621
1363 2013622
748 2013623
1364 2013624
749 2013625
750 2013626
751 2013627
1607 2013628
752 2013629
1365 2013630
753 2013631
1102 2013632
754 2013633
755 2013634
756 2013635
1366 2013636
757 2013637
758 2013638
759 2013639
1367 2013640
1368 2013641
760 2013642
446 201310
447 201311
448 201312
1131 201313
1053 201314
449 201315
450 201316
451 201317
452 201318
453 201319
454 201320
455 201321
456 201322
457 201323
458 201324
1054 201325
459 201326
1132 201327
1133 201328
460 201329
1134 201330
461 201331
1584 201332
462 201333
463 201334
464 201335
465 201337
466 201338
1135 201339
1136 201340
467 201341
468 201342
469 201343
1137 201344
1138 201345
1139 201346
1601 201347
1140 201348
470 201349
1141 201350
471 201351
472 201352
473 201353
474 201354
475 201355
476 201356
477 201357
1055 201358
1142 201359
1143 201360
478 201361
479 201362
1144 201363
1145 201364
1146 201365
1147 201366
1056 201367
1057 201368
1148 201369
1149 201370
1058 201371
1059 201372
1060 201373
480 201374
481 201375
482 201376
1150 201377
1151 201378
1152 201379
1153 201380
483 201381
484 201382
485 201383
486 201384
487 201385
488 201386
489 201387
490 201388
491 201389
1154 201390
1155 201391
1156 201392
1157 201393
492 201394
1158 201395
1061 201396
1062 201397
1159 201398
1160 201399
1371 201410
1372 201411
765 201412
1373 201413
1594 201414
766 201415
767 201416
768 201417
1374 201418
769 201419
770 201420
771 201421
772 201422
1375 201423
1376 201424
773 201425
774 201426
775 201427
776 201428
777 201429
1377 201430
1378 201431
1379 201432
778 201433
779 201434
1380 201435
780 201436
781 201437
782 201438
1381 201439
1382 201440
783 201441
1383 201442
784 201443
785 201444
786 201445
787 201446
788 201447
789 201448
1384 201449
1385 201450
1386 201451
790 201452
791 201453
792 201454
1387 201455
793 201456
794 201457
795 201458
796 201459
797 201460
1388 201461
1389 201462
798 201463
799 201464
1390 201465
1391 201466
1392 201467
800 201468
801 201469
802 201470
803 201471
804 201472
805 201473
1393 201474
1103 201475
1394 201476
1104 201477
1395 201478
1396 201479
806 201480
1397 201481
1642 201482
807 201483
808 201484
1398 201485
1609 201486
809 201487
1399 201488
1105 201489
1106 201490
810 201491
1400 201492
1401 201493
1402 201494
1107 201495
1403 201496
811 201497
812 201498
813 201499
1610 2014100
1404 2014101
1405 2014102
1406 2014103
814 2014104
815 2014105
816 2014106
817 2014107
818 2014108
819 2014109
1407 2014110
1408 2014111
1409 2014112
820 2014113
1410 2014114
1411 2014115
821 2014116
822 2014117
1412 2014118
1413 2014119
1414 2014120
1415 2014121
1416 2014122
823 2014123
1417 2014124
824 2014125
825 2014126
1418 2014127
826 2014128
827 2014129
828 2014130
829 2014131
830 2014132
831 2014133
832 2014134
833 2014135
834 2014136
835 2014137
836 2014138
837 2014139
1635 2014140
1636 2014141
838 2014142
839 2014143
1419 2014144
1420 2014145
1108 2014146
1421 2014147
840 2014148
1422 2014149
1423 2014150
841 2014151
842 2014152
1424 2014153
1425 2014154
1109 2014155
843 2014156
844 2014157
845 2014158
846 2014159
847 2014160
848 2014161
1611 2014162
849 2014163
1426 2014164
1427 2014165
1110 2014166
850 2014167
851 2014168
852 2014169
1634 2014170
1111 2014171
1612 2014172
1630 2014173
853 2014174
1428 2014175
1429 2014176
854 2014177
855 2014178
1430 2014179
1431 2014180
856 2014181
1432 2014182
857 2014183
858 2014184
1433 2014185
1434 2014186
1435 2014187
1436 2014188
859 2014189
860 2014190
1437 2014191
861 2014192
862 2014193
863 2014194
1438 2014195
1613 2014196
1439 2014197
864 2014198
865 2014199
1440 2014200
866 2014201
1614 2014202
1441 2014203
1442 2014204
1443 2014205
1444 2014206
1615 2014207
1445 2014208
867 2014209
1446 2014210
1447 2014211
868 2014212
1448 2014213
1449 2014214
1616 2014215
869 2014216
1450 2014217
1617 2014218
870 2014219
1451 2014220
1452 2014221
1453 2014222
871 2014223
1454 2014224
1455 2014225
1618 2014226
1599 2014227
872 2014228
873 2014229
1456 2014230
1619 2014231
874 2014232
875 2014233
1457 2014234
876 2014235
877 2014236
1458 2014237
878 2014238
879 2014239
880 2014240
1459 2014241
881 2014242
1460 2014243
1620 2014244
882 2014245
883 2014246
884 2014247
885 2014248
886 2014249
1112 2014250
887 2014251
1113 2014252
1114 2014253
888 2014254
1115 2014255
1600 2014256
889 2014257
1116 2014258
890 2014259
1595 2014260
1621 2014261
891 2014262
1461 2014263
1462 2014264
892 2014265
893 2014266
1117 2014267
1463 2014268
1118 2014269
1464 2014270
1465 2014271
894 2014272
895 2014273
896 2014274
897 2014275
1466 2014276
898 2014277
1467 2014278
1468 2014279
899 2014280
900 2014281
901 2014282
902 2014283
1469 2014284
1470 2014285
1471 2014286
903 2014287
904 2014288
1472 2014289
1473 2014290
1474 2014291
905 2014292
906 2014293
907 2014294
908 2014295
1475 2014296
909 2014297
910 2014298
1476 2014299
1119 2014300
1477 2014301
1120 2014302
1478 2014303
911 2014304
1479 2014305
1480 2014306
912 2014307
1622 2014308
1623 2014309
913 2014310
1624 2014311
914 2014312
915 2014313
1121 2014314
1632 2014315
916 2014316
1122 2014317
1625 2014318
1123 2014319
917 2014320
1481 2014321
1482 2014322
918 2014323
1483 2014324
1484 2014325
1485 2014326
1486 2014327
1487 2014328
1626 2014329
1488 2014330
1489 2014331
1490 2014332
1491 2014333
919 2014334
920 2014335
1492 2014336
921 2014337
922 2014338
923 2014339
1493 2014340
924 2014341
925 2014342
1494 2014343
1495 2014344
926 2014345
927 2014346
928 2014347
929 2014348
930 2014349
931 2014350
932 2014351
1496 2014352
1497 2014353
933 2014354
934 2014355
1124 2014356
935 2014357
1498 2014358
1499 2014359
1500 2014360
1501 2014361
1502 2014362
1503 2014363
936 2014364
1504 2014365
1505 2014366
1506 2014367
937 2014368
938 2014369
939 2014370
1507 2014371
940 2014372
941 2014373
942 2014374
943 2014375
1508 2014376
1509 2014377
944 2014378
945 2014379
946 2014380
947 2014381
1510 2014382
1511 2014383
948 2014384
949 2014385
950 2014386
951 2014387
952 2014388
1512 2014389
953 2014390
954 2014391
1513 2014392
955 2014393
956 2014394
957 2014395
1514 2014396
958 2014397
959 2014398
1515 2014399
1516 2014400
960 2014401
961 2014402
962 2014403
963 2014404
1517 2014405
964 2014406
1518 2014407
1519 2014408
965 2014409
1520 2014410
966 2014411
967 2014412
1521 2014413
1522 2014414
1523 2014415
1524 2014416
1525 2014417
1526 2014418
1527 2014419
1528 2014420
1529 2014421
1530 2014422
968 2014423
969 2014424
970 2014425
971 2014426
972 2014427
1531 2014428
1532 2014429
973 2014430
974 2014431
975 2014432
1533 2014433
976 2014434
1534 2014435
1535 2014436
977 2014437
978 2014438
979 2014439
1536 2014440
980 2014441
1537 2014442
1538 2014443
1539 2014444
1627 2014445
1540 2014446
981 2014447
982 2014448
983 2014449
984 2014450
985 2014451
986 2014452
987 2014453
988 2014454
989 2014455
990 2014456
991 2014457
1541 2014458
1542 2014459
992 2014460
1543 2014461
993 2014462
1544 2014463
994 2014464
1545 2014465
995 2014466
1546 2014467
1547 2014468
996 2014469
1548 2014470
1549 2014471
1550 2014472
997 2014473
1551 2014474
998 2014475
999 2014476
1552 2014477
1000 2014478
1001 2014479
1002 2014480
1553 2014481
1127 2014482
1128 2014483
1003 2014484
1004 2014485
1005 2014486
1006 2014487
1007 2014488
1008 2014489
1554 2014490
1555 2014491
1009 2014492
1010 2014493
1011 2014494
1012 2014495
1013 2014496
1556 2014497
1557 2014498
1014 2014499
1015 2014500
1558 2014501
1559 2014502
1016 2014503
1017 2014504
1560 2014505
1561 2014506
1018 2014507
1019 2014508
1020 2014509
1021 2014510
1022 2014511
1562 2014512
1023 2014513
1563 2014514
1564 2014515
1565 2014516
1024 2014517
1566 2014518
1567 2014519
1568 2014520
1628 2014521
1025 2014522
1026 2014523
1027 2014524
1028 2014525
1029 2014526
1569 2014527
1570 2014528
1030 2014529
1031 2014530
1571 2014531
1032 2014532
1033 2014533
1572 2014534
1034 2014535
1035 2014536
1036 2014537
1037 2014538
1038 2014539
1039 2014540
1573 2014541
1574 2014542
1040 2014543
1575 2014544
1576 2014545
1577 2014546
1041 2014547
1042 2014548
1578 2014549
1043 2014550
1044 2014551
1045 2014552
1046 2014553
1047 2014554
1579 2014555
1125 2014556
1126 2014557
1580 2014558
1581 2014559
1048 2014560
1049 2014561
1582 2014562
1050 2014563
1583 2014564
1640 20133
444 20134
1129 20135
445 20136
1051 20137
1052 20138
1130 20139
1608 20143
1369 20144
1370 20145
761 20146
762 20147
763 20148
764 20149
1161 2013100
1585 2013101
1162 2013102
493 2013103
1163 2013104
494 2013105
495 2013106
496 2013107
497 2013108
498 2013109
499 2013110
500 2013111
501 2013112
1164 2013114
502 2013115
1063 2013116
1602 2013117
503 2013118
1165 2013119
504 2013120
505 2013121
506 2013122
1166 2013123
1167 2013124
1168 2013125
507 2013126
1169 2013127
508 2013128
509 2013129
1170 2013130
510 2013131
511 2013132
512 2013133
1171 2013134
513 2013135
514 2013136
1172 2013137
1173 2013138
1064 2013139
1174 2013140
1175 2013141
1176 2013142
1065 2013143
1177 2013144
515 2013145
1178 2013146
516 2013147
1631 2013148
1066 2013149
1596 2013150
517 2013151
1067 2013152
1603 2013153
1179 2013154
518 2013155
519 2013156
1068 2013157
520 2013158
521 2013159
522 2013160
523 2013161
524 2013162
525 2013163
526 2013164
527 2013165
528 2013166
1180 2013167
1181 2013168
529 2013170
1182 2013171
530 2013172
1183 2013173
1184 2013174
531 2013175
532 2013176
533 2013177
1185 2013178
534 2013179
1186 2013180
535 2013181
536 2013182
1069 2013183
